31,1,50,50,0,-1,sleep
31,2,50,50,0,-1,sleep
31,3,50,50,0,-1,sleep
31,4,50,50,0,-1,sleep
31,5,55,55,0,-1,sleep
31,6,60,60,0,-1,sleep
31,7,65,65,0,-1,sleep
31,8,70,70,0,-1,sleep
31,9,50,100,75,0,run
31,10,45,100,75,1,run
31,11,40,40,0,-1,runble
31,12,35,35,0,-1,runble
31,13,30,30,0,-1,runble
31,1,50,50,0,-1,sleep
31,2,50,50,0,-1,sleep
31,3,50,50,0,-1,sleep
31,4,50,50,0,-1,runble
31,5,55,55,0,-1,runble
31,6,60,60,0,-1,runble
31,7,65,65,0,-1,runble
31,8,70,70,0,-1,runble
31,9,50,100,75,0,run
31,10,45,100,75,-1,runble
31,11,40,40,0,-1,runble
31,12,35,35,0,-1,runble
31,13,30,30,0,1,run
32,1,50,50,0,-1,sleep
32,2,50,50,0,-1,sleep
32,3,50,50,0,-1,sleep
32,4,50,50,0,-1,runble
32,5,55,55,0,-1,runble
32,6,60,60,0,-1,runble
32,7,65,65,0,-1,runble
32,8,70,70,0,-1,runble
32,9,50,83,33,-1,runble
32,10,45,78,33,-1,runble
32,11,40,40,0,-1,runble
32,12,35,68,33,0,run
32,13,30,63,33,1,run
32,1,50,50,0,-1,sleep
32,2,50,50,0,-1,sleep
32,3,50,50,0,-1,sleep
32,4,50,50,0,-1,runble
32,5,55,55,0,-1,runble
32,6,60,60,0,-1,runble
32,7,65,65,0,-1,runble
32,8,70,70,0,-1,runble
32,9,50,83,33,-1,runble
32,10,45,78,33,-1,runble
32,11,40,40,0,1,run
32,12,35,68,33,0,run
32,13,30,63,33,-1,runble
32,1,50,50,0,-1,sleep
32,2,50,50,0,-1,sleep
33,3,50,50,0,-1,sleep
33,4,50,50,0,-1,sleep
33,5,55,55,0,-1,sleep
33,6,60,60,0,-1,sleep
33,7,65,65,0,-1,runble
33,8,70,70,0,-1,runble
33,9,50,83,33,-1,runble
33,10,45,78,33,-1,runble
33,11,40,40,0,1,run
33,12,35,68,33,-1,runble
33,13,30,63,33,0,run
33,1,50,50,0,-1,sleep
33,2,50,50,0,-1,sleep
33,3,50,50,0,-1,sleep
33,4,50,50,0,-1,runble
33,5,55,55,0,-1,runble
33,6,60,60,0,-1,runble
33,7,65,65,0,-1,runble
33,8,70,70,0,-1,runble
33,9,50,62,12,-1,runble
33,10,45,57,12,-1,runble
33,11,40,40,0,1,run
33,12,35,47,12,-1,runble
33,13,30,63,33,0,run
34,1,50,50,0,-1,sleep
34,2,50,50,0,-1,sleep
34,3,50,50,0,-1,sleep
34,4,50,50,0,-1,runble
34,5,55,55,0,-1,runble
34,6,60,60,0,-1,runble
34,7,65,65,0,-1,runble
34,8,70,70,0,-1,runble
34,9,50,62,12,-1,runble
34,10,45,57,12,-1,runble
34,11,40,40,0,1,run
34,12,35,47,12,0,run
34,13,30,63,33,-1,runble
34,1,50,50,0,-1,sleep
34,2,50,50,0,-1,sleep
34,3,50,50,0,-1,sleep
34,4,50,50,0,-1,runble
34,5,55,55,0,-1,runble
34,6,60,60,0,-1,runble
34,7,65,65,0,-1,runble
34,8,70,70,0,-1,runble
34,9,50,50,0,-1,runble
34,10,45,45,0,-1,runble
34,11,40,40,0,1,run
34,12,35,47,12,0,run
34,13,30,42,12,-1,runble
35,1,50,50,0,-1,sleep
35,2,50,50,0,-1,sleep
35,3,50,50,0,-1,sleep
35,4,50,50,0,-1,runble
35,5,55,55,0,-1,runble
35,6,60,60,0,-1,runble
35,7,65,65,0,-1,runble
35,8,70,70,0,-1,runble
35,9,50,50,0,-1,runble
35,10,45,45,0,-1,runble
35,11,40,40,0,1,run
35,12,35,35,0,-1,runble
35,13,30,42,12,0,run
35,1,50,50,0,-1,sleep
35,2,50,50,0,-1,sleep
35,3,50,50,0,-1,sleep
35,4,50,50,0,-1,runble
35,5,55,55,0,-1,runble
35,6,60,60,0,-1,runble
35,7,65,65,0,-1,runble
35,8,70,70,0,-1,runble
35,9,50,50,0,-1,runble
35,10,45,45,0,-1,runble
35,11,40,40,0,-1,runble
35,12,35,35,0,1,run
35,13,30,42,12,0,run
35,1,50,50,0,-1,sleep
36,2,50,50,0,-1,sleep
36,3,50,50,0,-1,sleep
36,4,50,50,0,-1,runble
36,5,55,55,0,-1,runble
36,6,60,60,0,-1,runble
36,7,65,65,0,-1,runble
36,8,70,70,0,-1,runble
36,9,50,50,0,-1,runble
36,10,45,45,0,-1,runble
36,11,40,40,0,0,run
36,12,35,35,0,1,run
36,13,30,30,0,-1,runble
36,1,50,50,0,-1,sleep
36,2,50,50,0,-1,sleep
36,3,50,50,0,-1,sleep
36,4,50,50,0,-1,runble
36,5,55,55,0,-1,runble
36,6,60,60,0,-1,runble
36,7,65,65,0,-1,runble
36,8,70,70,0,-1,runble
36,9,50,50,0,-1,runble
36,10,45,45,0,-1,runble
36,11,40,40,0,0,run
36,12,35,35,0,-1,runble
36,13,30,30,0,1,run
36,1,50,50,0,-1,sleep
36,2,50,50,0,-1,sleep
36,3,50,50,0,-1,sleep
37,4,50,50,0,-1,runble
37,5,55,55,0,-1,runble
37,6,60,60,0,-1,runble
37,7,65,65,0,-1,runble
37,8,70,70,0,-1,runble
37,9,50,50,0,-1,runble
37,10,45,45,0,-1,runble
37,11,40,40,0,-1,runble
37,12,35,35,0,0,run
37,13,30,30,0,1,run
37,1,50,50,0,-1,sleep
37,2,50,50,0,-1,sleep
37,3,50,50,0,-1,sleep
37,4,50,50,0,-1,runble
37,5,55,55,0,-1,runble
37,6,60,60,0,-1,runble
37,7,65,65,0,-1,runble
37,8,70,70,0,-1,runble
37,9,50,50,0,-1,runble
37,10,45,45,0,-1,runble
37,11,40,40,0,-1,runble
37,12,35,35,0,0,run
37,13,30,30,0,1,run
37,1,50,50,0,-1,sleep
37,2,50,50,0,-1,sleep
38,3,50,50,0,-1,sleep
38,4,50,50,0,-1,runble
38,5,55,55,0,-1,runble
38,6,60,60,0,-1,runble
38,7,65,65,0,-1,runble
38,8,70,70,0,-1,runble
38,9,50,50,0,-1,runble
38,10,45,45,0,-1,runble
38,11,40,40,0,-1,runble
38,12,35,35,0,0,run
38,13,30,30,0,1,run
38,1,50,50,0,-1,sleep
38,2,50,50,0,-1,sleep
38,3,50,50,0,-1,sleep
38,4,50,50,0,-1,runble
38,5,55,55,0,-1,runble
38,6,60,60,0,-1,runble
38,7,65,65,0,-1,runble
38,8,70,70,0,-1,runble
38,9,50,50,0,-1,runble
38,10,45,45,0,-1,runble
38,11,40,40,0,-1,runble
38,12,35,35,0,0,run
38,13,30,30,0,1,run
39,1,50,50,0,-1,sleep
39,2,50,50,0,-1,sleep
39,3,50,50,0,-1,sleep
39,4,50,50,0,-1,runble
39,5,55,55,0,-1,runble
39,6,60,60,0,-1,runble
39,7,65,65,0,-1,runble
39,8,70,70,0,-1,runble
39,9,50,50,0,-1,runble
39,10,45,45,0,-1,runble
39,11,40,40,0,-1,runble
39,12,35,35,0,0,run
39,13,30,30,0,1,run
39,1,50,50,0,-1,sleep
39,2,50,50,0,-1,sleep
39,3,50,50,0,-1,sleep
39,4,50,50,0,-1,runble
39,5,55,55,0,-1,runble
39,6,60,60,0,-1,runble
39,7,65,65,0,-1,runble
39,8,70,70,0,-1,runble
39,9,50,50,0,-1,runble
39,10,45,45,0,-1,runble
39,11,40,40,0,-1,runble
39,12,35,35,0,0,run
39,13,30,30,0,1,run
40,1,50,50,0,-1,sleep
40,2,50,50,0,-1,sleep
40,3,50,50,0,-1,sleep
40,4,50,50,0,-1,runble
40,1,50,50,0,-1,sleep
40,5,55,55,0,-1,runble
40,6,60,60,0,-1,runble
40,7,65,65,0,-1,runble
40,8,70,70,0,-1,runble
40,9,50,50,0,-1,runble
40,2,50,50,0,-1,sleep
40,3,50,50,0,-1,sleep
40,10,45,45,0,-1,runble
40,11,40,40,0,-1,runble
40,4,50,50,0,-1,runble
40,5,55,55,0,-1,runble
40,12,35,35,0,0,run
40,13,30,30,0,1,run
40,6,60,60,0,-1,runble
40,7,65,65,0,-1,runble
40,8,70,70,0,-1,runble
40,9,50,50,0,-1,runble
40,10,45,45,0,-1,runble
40,11,40,40,0,-1,runble
40,12,35,35,0,0,run
40,13,30,30,0,-1,runble
41,1,50,50,0,-1,sleep
41,2,50,50,0,-1,sleep
41,3,50,50,0,-1,sleep
41,4,50,50,0,-1,runble
41,5,55,55,0,-1,runble
41,6,60,60,0,-1,runble
41,7,65,65,0,-1,runble
41,8,70,70,0,-1,runble
41,9,50,50,0,-1,runble
41,10,45,45,0,-1,runble
41,11,40,40,0,-1,runble
41,12,35,35,0,0,run
41,13,30,30,0,1,run
41,1,50,50,0,-1,sleep
41,2,50,50,0,-1,sleep
41,3,50,50,0,-1,sleep
41,4,50,50,0,-1,runble
41,5,55,55,0,-1,runble
41,6,60,60,0,-1,runble
41,7,65,65,0,-1,runble
41,8,70,70,0,-1,runble
41,9,50,50,0,-1,runble
41,10,45,45,0,-1,runble
41,11,40,40,0,-1,runble
41,12,35,35,0,0,run
41,13,30,30,0,1,run
41,1,50,50,0,-1,sleep
41,2,50,50,0,-1,sleep
41,3,50,50,0,-1,sleep
41,4,50,50,0,-1,runble
41,5,55,55,0,-1,runble
42,6,60,60,0,-1,runble
42,7,65,65,0,-1,runble
42,8,70,70,0,-1,runble
42,9,50,50,0,-1,runble
42,10,45,45,0,-1,runble
42,11,40,40,0,-1,runble
42,12,35,35,0,0,run
42,13,30,30,0,1,run
42,1,50,50,0,-1,sleep
42,2,50,50,0,-1,sleep
42,3,50,50,0,-1,sleep
42,4,50,50,0,-1,runble
42,5,55,55,0,-1,runble
42,6,60,60,0,-1,runble
42,7,65,65,0,-1,runble
42,8,70,70,0,-1,runble
42,9,50,50,0,-1,runble
42,10,45,45,0,-1,runble
42,11,40,40,0,-1,runble
42,12,35,35,0,0,run
42,13,30,30,0,1,run
42,1,50,50,0,-1,sleep
43,2,50,50,0,-1,sleep
43,3,50,50,0,-1,sleep
43,4,50,50,0,-1,runble
43,5,55,55,0,-1,runble
43,6,60,60,0,-1,runble
43,7,65,65,0,-1,runble
43,8,70,70,0,-1,runble
43,9,50,50,0,-1,runble
43,10,45,45,0,-1,runble
43,11,40,40,0,-1,runble
43,12,35,35,0,0,run
43,13,30,30,0,1,run
43,1,50,50,0,-1,sleep
43,2,50,50,0,-1,sleep
43,3,50,50,0,-1,sleep
43,4,50,50,0,-1,runble
43,5,55,55,0,-1,runble
43,6,60,60,0,-1,runble
43,7,65,65,0,-1,runble
43,8,70,70,0,-1,runble
43,9,50,50,0,-1,runble
43,10,45,45,0,-1,runble
43,11,40,40,0,-1,runble
43,12,35,35,0,0,run
43,13,30,30,0,1,run
44,1,50,50,0,-1,sleep
44,2,50,50,0,-1,sleep
44,3,50,50,0,-1,sleep
44,4,50,50,0,-1,runble
44,5,55,55,0,-1,runble
44,6,60,60,0,-1,runble
44,7,65,65,0,-1,runble
44,8,70,70,0,-1,runble
44,9,50,50,0,-1,runble
44,10,45,45,0,-1,runble
44,11,40,40,0,-1,runble
44,12,35,35,0,0,run
44,13,30,30,0,1,run
44,1,50,50,0,-1,sleep
44,2,50,50,0,-1,sleep
44,3,50,50,0,-1,sleep
44,4,50,50,0,-1,runble
44,5,55,55,0,-1,runble
44,6,60,60,0,-1,runble
44,7,65,65,0,-1,runble
44,8,70,70,0,-1,runble
44,9,50,50,0,-1,runble
44,10,45,45,0,-1,runble
44,11,40,40,0,-1,runble
44,12,35,35,0,0,run
44,13,30,30,0,1,run
44,1,50,50,0,-1,sleep
45,2,50,50,0,-1,sleep
45,3,50,50,0,-1,sleep
45,4,50,50,0,-1,runble
45,5,55,55,0,-1,runble
45,6,60,60,0,-1,runble
45,7,65,65,0,-1,runble
45,8,70,70,0,-1,runble
45,9,50,50,0,-1,runble
45,10,45,45,0,-1,runble
45,11,40,40,0,-1,runble
45,12,35,35,0,0,run
45,13,30,30,0,1,run
45,1,50,50,0,-1,sleep
45,2,50,50,0,-1,sleep
45,3,50,50,0,-1,sleep
45,4,50,50,0,-1,runble
45,5,55,55,0,-1,runble
45,6,60,60,0,-1,runble
45,7,65,65,0,-1,runble
45,8,70,70,0,-1,runble
45,9,50,50,0,-1,runble
45,10,45,45,0,-1,runble
45,11,40,40,0,-1,runble
45,12,35,35,0,0,run
45,13,30,30,0,1,run
45,1,50,50,0,-1,sleep
45,2,50,50,0,-1,sleep
45,3,50,50,0,-1,sleep
45,4,50,50,0,-1,runble
45,5,55,55,0,-1,runble
46,6,60,60,0,-1,runble
46,7,65,65,0,-1,runble
46,8,70,70,0,-1,runble
46,9,50,50,0,-1,runble
46,10,45,45,0,-1,runble
46,11,40,40,0,-1,runble
46,12,35,35,0,0,run
46,13,30,30,0,1,run
46,1,50,50,0,-1,sleep
46,2,50,50,0,-1,sleep
46,3,50,50,0,-1,sleep
46,4,50,50,0,-1,runble
46,5,55,55,0,-1,runble
46,6,60,60,0,-1,runble
46,7,65,65,0,-1,runble
46,8,70,70,0,-1,runble
46,9,50,50,0,-1,runble
46,10,45,45,0,-1,runble
46,11,40,40,0,-1,runble
46,12,35,35,0,0,run
46,13,30,30,0,1,run
46,1,50,50,0,-1,sleep
47,2,50,50,0,-1,sleep
47,3,50,50,0,-1,sleep
47,4,50,50,0,-1,runble
47,5,55,55,0,-1,runble
47,6,60,60,0,-1,runble
47,7,65,65,0,-1,runble
47,8,70,70,0,-1,runble
47,9,50,50,0,-1,runble
47,10,45,45,0,-1,runble
47,11,40,40,0,-1,runble
47,12,35,35,0,0,run
47,13,30,30,0,1,run
47,1,50,50,0,-1,sleep
47,2,50,50,0,-1,sleep
47,3,50,50,0,-1,sleep
47,4,50,50,0,-1,runble
47,5,55,55,0,-1,runble
47,6,60,60,0,-1,runble
47,7,65,65,0,-1,runble
47,8,70,70,0,-1,runble
47,9,50,50,0,-1,runble
47,10,45,45,0,-1,runble
47,11,40,40,0,-1,runble
47,12,35,35,0,0,run
47,13,30,30,0,1,run
47,1,50,50,0,-1,sleep
47,2,50,50,0,-1,sleep
47,3,50,50,0,-1,sleep
48,4,50,50,0,-1,runble
48,5,55,55,0,-1,runble
48,6,60,60,0,-1,runble
48,7,65,65,0,-1,runble
48,8,70,70,0,-1,runble
48,9,50,50,0,-1,runble
48,10,45,45,0,-1,runble
48,11,40,40,0,-1,runble
48,12,35,35,0,0,run
48,13,30,30,0,1,run
48,1,50,50,0,-1,sleep
48,2,50,50,0,-1,sleep
48,3,50,50,0,-1,sleep
48,4,50,50,0,-1,runble
48,5,55,55,0,-1,runble
48,6,60,60,0,-1,runble
48,7,65,65,0,-1,runble
48,8,70,70,0,-1,runble
48,9,50,50,0,-1,runble
48,10,45,45,0,-1,runble
48,11,40,40,0,-1,runble
48,12,35,35,0,0,run
48,13,30,30,0,1,run
49,1,50,50,0,-1,sleep
49,2,50,50,0,-1,sleep
49,3,50,50,0,-1,sleep
49,4,50,50,0,-1,runble
49,5,55,55,0,-1,runble
49,6,60,60,0,-1,runble
49,7,65,65,0,-1,runble
49,8,70,70,0,-1,runble
49,9,50,50,0,-1,runble
49,10,45,45,0,-1,runble
49,11,40,40,0,-1,runble
49,12,35,35,0,0,run
49,13,30,30,0,1,run
49,1,50,50,0,-1,sleep
49,2,50,50,0,-1,sleep
49,3,50,50,0,-1,sleep
49,4,50,50,0,-1,runble
49,5,55,55,0,-1,runble
49,6,60,60,0,-1,runble
49,7,65,65,0,-1,runble
49,8,70,70,0,-1,runble
49,9,50,50,0,-1,runble
49,10,45,45,0,-1,runble
49,11,40,40,0,-1,runble
49,12,35,35,0,0,run
49,13,30,30,0,1,run
50,1,50,50,0,-1,sleep
50,2,50,50,0,-1,sleep
50,3,50,50,0,-1,sleep
50,4,50,50,0,-1,runble
50,5,55,55,0,-1,runble
50,6,60,60,0,-1,runble
50,7,65,65,0,-1,runble
50,8,70,70,0,-1,runble
50,9,50,50,0,-1,runble
50,10,45,45,0,-1,runble
50,11,40,40,0,-1,runble
50,12,35,35,0,0,run
50,13,30,30,0,1,run
50,1,50,50,0,-1,sleep
50,2,50,50,0,-1,sleep
50,3,50,50,0,-1,sleep
50,4,50,50,0,-1,runble
50,5,55,55,0,-1,runble
50,6,60,60,0,-1,runble
50,7,65,65,0,-1,runble
50,8,70,70,0,-1,runble
50,9,50,50,0,-1,runble
50,10,45,45,0,-1,runble
50,11,40,40,0,-1,runble
50,12,35,35,0,0,run
50,13,30,30,0,1,run
50,1,50,50,0,-1,sleep
51,2,50,50,0,-1,sleep
51,3,50,50,0,-1,sleep
51,4,50,50,0,-1,runble
51,5,55,55,0,-1,runble
51,6,60,60,0,-1,runble
51,7,65,65,0,-1,runble
51,8,70,70,0,-1,runble
51,9,50,50,0,-1,runble
51,10,45,45,0,-1,runble
51,11,40,40,0,-1,runble
51,12,35,35,0,0,run
51,13,30,30,0,1,run
51,1,50,50,0,-1,sleep
51,2,50,50,0,-1,sleep
51,3,50,50,0,-1,sleep
51,4,50,50,0,-1,runble
51,5,55,55,0,-1,runble
51,6,60,60,0,-1,runble
51,7,65,65,0,-1,runble
51,8,70,70,0,-1,runble
51,9,50,50,0,-1,runble
51,10,45,45,0,-1,runble
51,11,40,40,0,-1,runble
51,12,35,35,0,0,run
51,13,30,30,0,1,run
52,1,50,50,0,-1,sleep
52,2,50,50,0,-1,sleep
52,3,50,50,0,-1,sleep
52,4,50,50,0,-1,runble
52,5,55,55,0,-1,runble
52,6,60,60,0,-1,runble
52,7,65,65,0,-1,runble
52,8,70,70,0,-1,runble
52,9,50,50,0,-1,runble
52,10,45,45,0,-1,runble
52,11,40,40,0,-1,runble
52,12,35,35,0,0,run
52,13,30,30,0,1,run
52,1,50,50,0,-1,sleep
52,2,50,50,0,-1,sleep
52,3,50,50,0,-1,sleep
52,4,50,50,0,-1,runble
52,5,55,55,0,-1,runble
52,6,60,60,0,-1,runble
52,7,65,65,0,-1,runble
52,8,70,70,0,-1,runble
52,9,50,50,0,-1,runble
52,10,45,45,0,-1,runble
52,11,40,40,0,-1,runble
52,12,35,35,0,0,run
52,13,30,30,0,1,run
52,1,50,50,0,-1,sleep
53,2,50,50,0,-1,sleep
53,3,50,50,0,-1,sleep
53,4,50,50,0,-1,runble
53,5,55,55,0,-1,runble
53,6,60,60,0,-1,runble
53,7,65,65,0,-1,runble
53,8,70,70,0,-1,runble
53,9,50,50,0,-1,runble
53,10,45,45,0,-1,runble
53,11,40,40,0,-1,runble
53,12,35,35,0,0,run
53,13,30,30,0,1,run
53,1,50,50,0,-1,sleep
53,2,50,50,0,-1,sleep
53,3,50,50,0,-1,sleep
53,4,50,50,0,-1,runble
53,5,55,55,0,-1,runble
53,6,60,60,0,-1,runble
53,7,65,65,0,-1,runble
53,8,70,70,0,-1,runble
53,9,50,50,0,-1,runble
53,10,45,45,0,-1,runble
53,11,40,40,0,-1,runble
53,12,35,35,0,0,run
53,13,30,30,0,1,run
53,1,50,50,0,-1,sleep
53,2,50,50,0,-1,sleep
54,3,50,50,0,-1,sleep
54,4,50,50,0,-1,runble
54,5,55,55,0,-1,runble
54,6,60,60,0,-1,runble
54,7,65,65,0,-1,runble
54,8,70,70,0,-1,runble
54,9,50,50,0,-1,runble
54,10,45,45,0,-1,runble
54,11,40,40,0,-1,runble
54,12,35,35,0,0,run
54,13,30,30,0,1,run
54,1,50,50,0,-1,sleep
54,2,50,50,0,-1,sleep
54,3,50,50,0,-1,sleep
54,4,50,50,0,-1,runble
54,5,55,55,0,-1,runble
54,6,60,60,0,-1,runble
54,7,65,65,0,-1,runble
54,8,70,70,0,-1,runble
54,9,50,50,0,-1,runble
54,10,45,45,0,-1,runble
54,11,40,40,0,-1,runble
54,12,35,35,0,0,run
54,13,30,30,0,1,run
54,1,50,50,0,-1,sleep
54,2,50,50,0,-1,sleep
55,3,50,50,0,-1,sleep
55,4,50,50,0,-1,runble
55,5,55,55,0,-1,runble
55,6,60,60,0,-1,runble
55,7,65,65,0,-1,runble
55,8,70,70,0,-1,runble
55,9,50,50,0,-1,runble
55,10,45,45,0,-1,runble
55,11,40,40,0,-1,runble
55,12,35,35,0,0,run
55,13,30,30,0,1,run
55,1,50,50,0,-1,sleep
55,2,50,50,0,-1,sleep
55,3,50,50,0,-1,sleep
55,4,50,50,0,-1,runble
55,5,55,55,0,-1,runble
55,6,60,60,0,-1,runble
55,7,65,65,0,-1,runble
55,8,70,70,0,-1,runble
55,9,50,50,0,-1,runble
55,10,45,45,0,-1,runble
55,11,40,40,0,-1,runble
55,12,35,35,0,0,run
55,13,30,30,0,1,run
55,1,50,50,0,-1,sleep
55,2,50,50,0,-1,sleep
55,3,50,50,0,-1,sleep
56,4,50,50,0,-1,runble
56,5,55,55,0,-1,runble
56,6,60,60,0,-1,runble
56,7,65,65,0,-1,runble
56,8,70,70,0,-1,runble
56,9,50,50,0,-1,runble
56,10,45,45,0,-1,runble
56,11,40,40,0,-1,runble
56,12,35,35,0,0,run
56,13,30,30,0,1,run
56,1,50,50,0,-1,sleep
56,2,50,50,0,-1,sleep
56,3,50,50,0,-1,sleep
56,4,50,50,0,-1,runble
56,5,55,55,0,-1,runble
56,6,60,60,0,-1,runble
56,7,65,65,0,-1,runble
56,8,70,70,0,-1,runble
56,9,50,50,0,-1,runble
56,10,45,45,0,-1,runble
56,11,40,40,0,-1,runble
56,12,35,35,0,0,run
56,13,30,30,0,1,run
57,1,50,50,0,-1,sleep
57,2,50,50,0,-1,sleep
57,3,50,50,0,-1,sleep
57,4,50,50,0,-1,runble
57,5,55,55,0,-1,runble
57,6,60,60,0,-1,runble
57,7,65,65,0,-1,runble
57,8,70,70,0,-1,runble
57,9,50,50,0,-1,runble
57,10,45,45,0,-1,runble
57,11,40,40,0,-1,runble
57,12,35,35,0,0,run
57,13,30,30,0,1,run
57,1,50,50,0,-1,sleep
57,2,50,50,0,-1,sleep
57,3,50,50,0,-1,sleep
57,4,50,50,0,-1,runble
57,5,55,55,0,-1,runble
57,6,60,60,0,-1,runble
57,7,65,65,0,-1,runble
57,8,70,70,0,-1,runble
57,9,50,50,0,-1,runble
57,10,45,45,0,-1,runble
57,11,40,40,0,-1,runble
57,12,35,35,0,0,run
57,13,30,30,0,1,run
57,1,50,50,0,-1,sleep
57,2,50,50,0,-1,sleep
57,3,50,50,0,-1,sleep
57,4,50,50,0,-1,runble
57,5,55,55,0,-1,runble
58,6,60,60,0,-1,runble
58,7,65,65,0,-1,runble
58,8,70,70,0,-1,runble
58,9,50,50,0,-1,runble
58,10,45,45,0,-1,runble
58,11,40,40,0,-1,runble
58,12,35,35,0,0,run
58,13,30,30,0,1,run
58,1,50,50,0,-1,sleep
58,2,50,50,0,-1,sleep
58,3,50,50,0,-1,sleep
58,4,50,50,0,-1,runble
58,5,55,55,0,-1,runble
58,6,60,60,0,-1,runble
58,7,65,65,0,-1,runble
58,8,70,70,0,-1,runble
58,9,50,50,0,-1,runble
58,10,45,45,0,-1,runble
58,11,40,40,0,-1,runble
58,12,35,35,0,0,run
58,13,30,30,0,1,run
58,1,50,50,0,-1,sleep
58,2,50,50,0,-1,sleep
58,3,50,50,0,-1,sleep
58,4,50,50,0,-1,runble
59,5,55,55,0,-1,runble
59,6,60,60,0,-1,runble
59,7,65,65,0,-1,runble
59,8,70,70,0,-1,runble
59,9,50,50,0,-1,runble
59,10,45,45,0,-1,runble
59,11,40,40,0,-1,runble
59,12,35,35,0,0,run
59,13,30,30,0,1,run
59,1,50,50,0,-1,sleep
59,2,50,50,0,-1,sleep
59,3,50,50,0,-1,sleep
59,4,50,50,0,-1,runble
59,5,55,55,0,-1,runble
59,6,60,60,0,-1,runble
59,7,65,65,0,-1,runble
59,8,70,70,0,-1,runble
59,9,50,50,0,-1,runble
59,10,45,45,0,-1,runble
59,11,40,40,0,-1,runble
59,12,35,35,0,0,run
59,13,30,30,0,1,run
60,1,50,50,0,-1,sleep
60,2,50,50,0,-1,sleep
60,3,50,50,0,-1,sleep
60,4,50,50,0,-1,runble
60,5,55,55,0,-1,runble
60,6,60,60,0,-1,runble
60,7,65,65,0,-1,runble
60,8,70,70,0,-1,runble
60,9,50,50,0,-1,runble
60,10,45,45,0,-1,runble
60,11,40,40,0,-1,runble
60,12,35,35,0,0,run
60,13,30,30,0,1,run
60,1,50,50,0,-1,sleep
60,2,50,50,0,-1,sleep
60,3,50,50,0,-1,sleep
60,4,50,50,0,-1,runble
60,5,55,55,0,-1,runble
60,6,60,60,0,-1,runble
60,7,65,65,0,-1,runble
60,8,70,70,0,-1,runble
60,9,50,50,0,-1,runble
60,10,45,45,0,-1,runble
60,11,40,40,0,-1,runble
60,12,35,35,0,0,run
60,13,30,30,0,1,run
61,1,50,50,0,-1,sleep
61,2,50,50,0,-1,sleep
61,3,50,50,0,-1,runble
61,4,50,50,0,-1,runble
61,5,55,55,0,-1,runble
61,6,60,60,0,-1,runble
61,7,65,65,0,-1,runble
61,8,70,70,0,-1,runble
61,9,50,50,0,-1,runble
61,10,45,45,0,1,run
61,11,40,40,0,0,run
61,12,35,35,0,-1,zombie
61,1,50,50,0,-1,sleep
61,2,50,50,0,-1,sleep
61,3,50,50,0,-1,runble
61,4,50,50,0,-1,runble
61,13,30,30,0,-1,zombie
61,5,55,55,0,-1,runble
61,6,60,60,0,-1,runble
61,7,65,65,0,-1,runble
61,8,70,70,0,-1,runble
61,9,50,50,0,-1,runble
61,10,45,45,0,-1,runble
61,11,40,40,0,0,run
61,12,35,35,0,-1,zombie
61,13,30,30,0,-1,zombie
61,1,50,50,0,-1,sleep
61,2,50,50,0,-1,sleep
61,3,50,50,0,-1,runble
61,4,50,50,0,-1,runble
61,5,55,55,0,-1,runble
62,6,60,60,0,-1,runble
62,7,65,65,0,-1,runble
62,8,70,70,0,-1,runble
62,9,50,50,0,-1,runble
62,10,45,45,0,1,run
62,11,40,40,0,0,run
62,12,35,35,0,-1,zombie
62,13,30,30,0,-1,zombie
62,1,50,50,0,-1,sleep
62,2,50,50,0,-1,sleep
62,3,50,50,0,-1,runble
62,4,50,50,0,-1,runble
62,5,55,55,0,-1,runble
62,6,60,60,0,-1,runble
62,7,65,65,0,-1,runble
62,8,70,70,0,-1,runble
62,9,50,50,0,-1,runble
62,10,45,45,0,1,run
62,11,40,40,0,0,run
62,12,35,35,0,-1,zombie
62,13,30,30,0,-1,zombie
62,1,50,50,0,-1,sleep
62,2,50,50,0,-1,sleep
63,3,50,50,0,-1,runble
63,4,50,50,0,-1,runble
63,5,55,55,0,-1,runble
63,6,60,60,0,-1,runble
63,7,65,65,0,-1,runble
63,8,70,70,0,-1,runble
63,9,50,50,0,-1,runble
63,10,45,45,0,1,run
63,11,40,40,0,0,run
63,12,35,35,0,-1,zombie
63,13,30,30,0,-1,zombie
63,1,50,50,0,-1,sleep
63,2,50,50,0,-1,sleep
63,3,50,50,0,-1,runble
63,4,50,50,0,-1,runble
63,5,55,55,0,-1,runble
63,6,60,60,0,-1,runble
63,7,65,65,0,-1,runble
63,8,70,70,0,-1,runble
63,9,50,50,0,-1,runble
63,10,45,45,0,1,run
63,11,40,40,0,0,run
63,12,35,35,0,-1,zombie
63,13,30,30,0,-1,zombie
63,1,50,50,0,-1,sleep
63,2,50,50,0,-1,sleep
64,3,50,50,0,-1,runble
64,4,50,50,0,-1,runble
64,5,55,55,0,-1,runble
64,6,60,60,0,-1,runble
64,7,65,65,0,-1,runble
64,8,70,70,0,-1,runble
64,9,50,50,0,-1,runble
64,10,45,45,0,1,run
64,11,40,40,0,0,run
64,12,35,35,0,-1,zombie
64,13,30,30,0,-1,zombie
64,1,50,50,0,-1,sleep
64,2,50,50,0,-1,sleep
64,3,50,50,0,-1,runble
64,4,50,50,0,-1,runble
64,5,55,55,0,-1,runble
64,6,60,60,0,-1,runble
64,7,65,65,0,-1,runble
64,8,70,70,0,-1,runble
64,9,50,50,0,-1,runble
64,10,45,45,0,1,run
64,11,40,40,0,0,run
64,12,35,35,0,-1,zombie
64,13,30,30,0,-1,zombie
64,1,50,50,0,-1,sleep
64,2,50,50,0,-1,sleep
64,3,50,50,0,-1,runble
64,4,50,50,0,-1,runble
65,5,55,55,0,-1,runble
65,6,60,60,0,-1,runble
65,7,65,65,0,-1,runble
65,8,70,70,0,-1,runble
65,9,50,50,0,-1,runble
65,10,45,45,0,1,run
65,11,40,40,0,0,run
65,12,35,35,0,-1,zombie
65,13,30,30,0,-1,zombie
65,1,50,50,0,-1,sleep
65,2,50,50,0,-1,sleep
65,3,50,50,0,-1,runble
65,4,50,50,0,-1,runble
65,5,55,55,0,-1,runble
65,6,60,60,0,-1,runble
65,7,65,65,0,-1,runble
65,8,70,70,0,-1,runble
65,9,50,50,0,-1,runble
65,10,45,45,0,1,run
65,11,40,40,0,0,run
65,12,35,35,0,-1,zombie
65,13,30,30,0,-1,zombie
65,1,50,50,0,-1,sleep
65,2,50,50,0,-1,sleep
65,3,50,50,0,-1,runble
65,4,50,50,0,-1,runble
65,5,55,55,0,-1,runble
65,6,60,60,0,-1,runble
66,7,65,65,0,-1,runble
66,8,70,70,0,-1,runble
66,9,50,50,0,-1,runble
66,10,45,45,0,1,run
66,11,40,40,0,0,run
66,12,35,35,0,-1,zombie
66,13,30,30,0,-1,zombie
66,1,50,50,0,-1,sleep
66,2,50,50,0,-1,sleep
66,3,50,50,0,-1,runble
66,4,50,50,0,-1,runble
66,5,55,55,0,-1,runble
66,6,60,60,0,-1,runble
66,7,65,65,0,-1,runble
66,8,70,70,0,-1,runble
66,9,50,50,0,-1,runble
66,10,45,45,0,1,run
66,11,40,40,0,0,run
66,12,35,35,0,-1,zombie
66,13,30,30,0,-1,zombie
66,1,50,50,0,-1,sleep
66,2,50,50,0,-1,sleep
66,3,50,50,0,-1,runble
66,4,50,50,0,-1,runble
66,5,55,55,0,-1,runble
66,6,60,60,0,-1,runble
66,7,65,65,0,-1,runble
66,8,70,70,0,-1,runble
66,9,50,50,0,-1,runble
66,10,45,45,0,1,run
66,11,40,40,0,0,run
67,12,35,35,0,-1,zombie
67,13,30,30,0,-1,zombie
67,1,50,50,0,-1,sleep
67,2,50,50,0,-1,sleep
67,3,50,50,0,-1,runble
67,4,50,50,0,-1,runble
67,5,55,55,0,-1,runble
67,6,60,60,0,-1,runble
67,7,65,65,0,-1,runble
67,8,70,70,0,-1,runble
67,9,50,50,0,-1,runble
67,10,45,45,0,1,run
67,11,40,40,0,0,run
67,12,35,35,0,-1,zombie
67,13,30,30,0,-1,zombie
67,1,50,50,0,-1,sleep
67,2,50,50,0,-1,sleep
67,3,50,50,0,-1,runble
67,4,50,50,0,-1,runble
67,5,55,55,0,-1,runble
67,6,60,60,0,-1,runble
67,7,65,65,0,-1,runble
68,8,70,70,0,-1,runble
68,9,50,50,0,-1,runble
68,10,45,45,0,1,run
68,11,40,40,0,0,run
68,12,35,35,0,-1,zombie
68,13,30,30,0,-1,zombie
68,1,50,50,0,-1,sleep
68,2,50,50,0,-1,sleep
68,3,50,50,0,-1,runble
68,4,50,50,0,-1,runble
68,5,55,55,0,-1,runble
68,6,60,60,0,-1,runble
68,7,65,65,0,-1,runble
68,8,70,70,0,-1,runble
68,9,50,50,0,-1,runble
68,10,45,45,0,1,run
68,11,40,40,0,0,run
68,12,35,35,0,-1,zombie
68,13,30,30,0,-1,zombie
69,1,50,50,0,-1,sleep
69,2,50,50,0,-1,sleep
69,3,50,50,0,-1,runble
69,4,50,50,0,-1,runble
69,5,55,55,0,-1,runble
69,6,60,60,0,-1,runble
69,7,65,65,0,-1,runble
69,8,70,70,0,-1,runble
69,9,50,50,0,-1,runble
69,10,45,45,0,1,run
69,11,40,40,0,0,run
69,12,35,35,0,-1,zombie
69,13,30,30,0,-1,zombie
69,1,50,50,0,-1,sleep
69,2,50,50,0,-1,sleep
69,3,50,50,0,-1,runble
69,4,50,50,0,-1,runble
69,5,55,55,0,-1,runble
69,6,60,60,0,-1,runble
69,7,65,65,0,-1,runble
69,8,70,70,0,-1,runble
69,9,50,50,0,-1,runble
69,10,45,45,0,1,run
69,11,40,40,0,0,run
69,12,35,35,0,-1,zombie
69,13,30,30,0,-1,zombie
70,1,50,50,0,-1,sleep
70,2,50,50,0,-1,sleep
70,3,50,50,0,-1,runble
70,4,50,50,0,-1,runble
70,5,55,55,0,-1,runble
70,6,60,60,0,-1,runble
70,7,65,65,0,-1,runble
70,8,70,70,0,-1,runble
70,9,50,50,0,-1,runble
70,10,45,45,0,1,run
70,11,40,40,0,0,run
70,12,35,35,0,-1,zombie
70,13,30,30,0,-1,zombie
70,1,50,50,0,-1,sleep
70,2,50,50,0,-1,sleep
70,3,50,50,0,-1,runble
70,4,50,50,0,-1,runble
70,5,55,55,0,-1,runble
70,6,60,60,0,-1,runble
70,7,65,65,0,-1,runble
70,8,70,70,0,-1,runble
70,9,50,50,0,-1,runble
70,10,45,45,0,1,run
70,11,40,40,0,0,run
70,12,35,35,0,-1,zombie
70,13,30,30,0,-1,zombie
71,1,50,50,0,-1,sleep
71,2,50,50,0,-1,sleep
71,3,50,50,0,-1,runble
71,4,50,50,0,-1,runble
71,5,55,55,0,-1,runble
71,6,60,60,0,-1,runble
71,7,65,65,0,-1,runble
71,8,70,70,0,-1,runble
71,9,50,50,0,-1,runble
71,10,45,45,0,1,run
71,11,40,40,0,0,run
71,12,35,35,0,-1,zombie
71,13,30,30,0,-1,zombie
71,1,50,50,0,-1,sleep
71,2,50,50,0,-1,sleep
71,3,50,50,0,-1,runble
71,4,50,50,0,-1,runble
71,5,55,55,0,-1,runble
71,6,60,60,0,-1,runble
71,7,65,65,0,-1,runble
71,8,70,70,0,-1,runble
71,9,50,50,0,-1,runble
71,10,45,45,0,1,run
71,11,40,40,0,0,run
71,12,35,35,0,-1,zombie
71,13,30,30,0,-1,zombie
72,1,50,50,0,-1,sleep
72,2,50,50,0,-1,sleep
72,3,50,50,0,-1,runble
72,4,50,50,0,-1,runble
72,5,55,55,0,-1,runble
72,6,60,60,0,-1,runble
72,7,65,65,0,-1,runble
72,8,70,70,0,-1,runble
72,9,50,50,0,-1,runble
72,10,45,45,0,1,run
72,11,40,40,0,0,run
72,12,35,35,0,-1,zombie
72,13,30,30,0,-1,zombie
72,1,50,50,0,-1,sleep
72,2,50,50,0,-1,sleep
72,3,50,50,0,-1,runble
72,4,50,50,0,-1,runble
72,5,55,55,0,-1,runble
72,6,60,60,0,-1,runble
72,7,65,65,0,-1,runble
72,8,70,70,0,-1,runble
72,9,50,50,0,-1,runble
72,10,45,45,0,1,run
72,11,40,40,0,0,run
72,12,35,35,0,-1,zombie
72,13,30,30,0,-1,zombie
73,1,50,50,0,-1,sleep
73,2,50,50,0,-1,sleep
73,3,50,50,0,-1,runble
73,4,50,50,0,-1,runble
73,5,55,55,0,-1,runble
73,6,60,60,0,-1,runble
73,7,65,65,0,-1,runble
73,8,70,70,0,-1,runble
73,9,50,50,0,-1,runble
73,10,45,45,0,1,run
73,11,40,40,0,0,run
73,12,35,35,0,-1,zombie
73,13,30,30,0,-1,zombie
73,1,50,50,0,-1,sleep
73,2,50,50,0,-1,sleep
73,3,50,50,0,-1,runble
73,4,50,50,0,-1,runble
73,5,55,55,0,-1,runble
73,6,60,60,0,-1,runble
73,7,65,65,0,-1,runble
73,8,70,70,0,-1,runble
73,9,50,50,0,-1,runble
73,10,45,45,0,1,run
73,11,40,40,0,0,run
73,12,35,35,0,-1,zombie
73,13,30,30,0,-1,zombie
73,1,50,50,0,-1,sleep
73,2,50,50,0,-1,sleep
73,3,50,50,0,-1,runble
74,4,50,50,0,-1,runble
74,5,55,55,0,-1,runble
74,6,60,60,0,-1,runble
74,7,65,65,0,-1,runble
74,8,70,70,0,-1,runble
74,9,50,50,0,-1,runble
74,10,45,45,0,1,run
74,11,40,40,0,0,run
74,12,35,35,0,-1,zombie
74,13,30,30,0,-1,zombie
74,1,50,50,0,-1,sleep
74,2,50,50,0,-1,sleep
74,3,50,50,0,-1,runble
74,4,50,50,0,-1,runble
74,5,55,55,0,-1,runble
74,6,60,60,0,-1,runble
74,7,65,65,0,-1,runble
74,8,70,70,0,-1,runble
74,9,50,50,0,-1,runble
74,10,45,45,0,1,run
74,11,40,40,0,0,run
74,12,35,35,0,-1,zombie
74,13,30,30,0,-1,zombie
74,1,50,50,0,-1,sleep
75,2,50,50,0,-1,sleep
75,3,50,50,0,-1,runble
75,4,50,50,0,-1,runble
75,5,55,55,0,-1,runble
75,6,60,60,0,-1,runble
75,7,65,65,0,-1,runble
75,8,70,70,0,-1,runble
75,9,50,50,0,-1,runble
75,10,45,45,0,1,run
75,11,40,40,0,0,run
75,12,35,35,0,-1,zombie
75,13,30,30,0,-1,zombie
75,1,50,50,0,-1,sleep
75,2,50,50,0,-1,sleep
75,3,50,50,0,-1,runble
75,4,50,50,0,-1,runble
75,5,55,55,0,-1,runble
75,6,60,60,0,-1,runble
75,7,65,65,0,-1,runble
75,8,70,70,0,-1,runble
75,9,50,50,0,-1,runble
75,10,45,45,0,1,run
75,11,40,40,0,0,run
75,12,35,35,0,-1,zombie
75,13,30,30,0,-1,zombie
75,1,50,50,0,-1,sleep
75,2,50,50,0,-1,sleep
76,3,50,50,0,-1,runble
76,4,50,50,0,-1,runble
76,5,55,55,0,-1,runble
76,6,60,60,0,-1,runble
76,7,65,65,0,-1,runble
76,8,70,70,0,-1,runble
76,9,50,50,0,-1,runble
76,10,45,45,0,1,run
76,11,40,40,0,0,run
76,12,35,35,0,-1,zombie
76,13,30,30,0,-1,zombie
76,1,50,50,0,-1,sleep
76,2,50,50,0,-1,sleep
76,3,50,50,0,-1,runble
76,4,50,50,0,-1,runble
76,5,55,55,0,-1,runble
76,6,60,60,0,-1,runble
76,7,65,65,0,-1,runble
76,8,70,70,0,-1,runble
76,9,50,50,0,-1,runble
76,10,45,45,0,1,run
76,11,40,40,0,0,run
76,12,35,35,0,-1,zombie
76,13,30,30,0,-1,zombie
76,1,50,50,0,-1,sleep
76,2,50,50,0,-1,sleep
76,3,50,50,0,-1,runble
76,4,50,50,0,-1,runble
76,5,55,55,0,-1,runble
77,6,60,60,0,-1,runble
77,7,65,65,0,-1,runble
77,8,70,70,0,-1,runble
77,9,50,50,0,-1,runble
77,10,45,45,0,1,run
77,11,40,40,0,0,run
77,12,35,35,0,-1,zombie
77,13,30,30,0,-1,zombie
77,1,50,50,0,-1,sleep
77,2,50,50,0,-1,sleep
77,3,50,50,0,-1,runble
77,4,50,50,0,-1,runble
77,5,55,55,0,-1,runble
77,6,60,60,0,-1,runble
77,7,65,65,0,-1,runble
77,8,70,70,0,-1,runble
77,9,50,50,0,-1,runble
77,10,45,45,0,1,run
77,11,40,40,0,0,run
77,12,35,35,0,-1,zombie
77,13,30,30,0,-1,zombie
77,1,50,50,0,-1,sleep
77,2,50,50,0,-1,sleep
77,3,50,50,0,-1,runble
77,4,50,50,0,-1,runble
77,5,55,55,0,-1,runble
77,6,60,60,0,-1,runble
77,7,65,65,0,-1,runble
78,8,70,70,0,-1,runble
78,9,50,50,0,-1,runble
78,10,45,45,0,1,run
78,11,40,40,0,0,run
78,12,35,35,0,-1,zombie
78,13,30,30,0,-1,zombie
78,1,50,50,0,-1,sleep
78,2,50,50,0,-1,sleep
78,3,50,50,0,-1,runble
78,4,50,50,0,-1,runble
78,5,55,55,0,-1,runble
78,6,60,60,0,-1,runble
78,7,65,65,0,-1,runble
78,8,70,70,0,-1,runble
78,9,50,50,0,-1,runble
78,10,45,45,0,1,run
78,11,40,40,0,0,run
78,12,35,35,0,-1,zombie
78,13,30,30,0,-1,zombie
78,1,50,50,0,-1,sleep
78,2,50,50,0,-1,sleep
78,3,50,50,0,-1,runble
78,4,50,50,0,-1,runble
78,5,55,55,0,-1,runble
78,6,60,60,0,-1,runble
79,7,65,65,0,-1,runble
79,8,70,70,0,-1,runble
79,9,50,50,0,-1,runble
79,10,45,45,0,1,run
79,11,40,40,0,0,run
79,12,35,35,0,-1,zombie
79,13,30,30,0,-1,zombie
79,1,50,50,0,-1,sleep
79,2,50,50,0,-1,sleep
79,3,50,50,0,-1,runble
79,4,50,50,0,-1,runble
79,5,55,55,0,-1,runble
79,6,60,60,0,-1,runble
79,7,65,65,0,-1,runble
79,8,70,70,0,-1,runble
79,9,50,50,0,-1,runble
79,10,45,45,0,1,run
79,11,40,40,0,0,run
79,12,35,35,0,-1,zombie
79,13,30,30,0,-1,zombie
80,1,50,50,0,-1,sleep
80,2,50,50,0,-1,sleep
80,3,50,50,0,-1,runble
80,4,50,50,0,-1,runble
80,5,55,55,0,-1,runble
80,6,60,60,0,-1,runble
80,7,65,65,0,-1,runble
80,8,70,70,0,-1,runble
80,9,50,50,0,-1,runble
80,10,45,45,0,1,run
80,11,40,40,0,0,run
80,12,35,35,0,-1,zombie
80,13,30,30,0,-1,zombie
80,1,50,50,0,-1,sleep
80,2,50,50,0,-1,sleep
80,3,50,50,0,-1,runble
80,4,50,50,0,-1,runble
80,5,55,55,0,-1,runble
80,6,60,60,0,-1,runble
80,7,65,65,0,-1,runble
80,8,70,70,0,-1,runble
80,9,50,50,0,-1,runble
80,10,45,45,0,1,run
80,11,40,40,0,0,run
80,12,35,35,0,-1,zombie
80,13,30,30,0,-1,zombie
81,1,50,50,0,-1,sleep
81,2,50,50,0,-1,sleep
81,3,50,50,0,-1,runble
81,4,50,50,0,-1,runble
81,5,55,55,0,-1,runble
81,6,60,60,0,-1,runble
81,7,65,65,0,-1,runble
81,8,70,70,0,-1,runble
81,9,50,50,0,-1,runble
81,10,45,45,0,1,run
81,11,40,40,0,0,run
81,12,35,35,0,-1,zombie
81,13,30,30,0,-1,zombie
81,1,50,50,0,-1,sleep
81,2,50,50,0,-1,sleep
81,3,50,50,0,-1,runble
81,4,50,50,0,-1,runble
81,5,55,55,0,-1,runble
81,6,60,60,0,-1,runble
81,7,65,65,0,-1,runble
81,8,70,70,0,-1,runble
81,9,50,50,0,-1,runble
81,10,45,45,0,1,run
81,11,40,40,0,0,run
81,12,35,35,0,-1,zombie
81,13,30,30,0,-1,zombie
82,1,50,50,0,-1,sleep
82,2,50,50,0,-1,sleep
82,3,50,50,0,-1,runble
82,4,50,50,0,-1,runble
82,5,55,55,0,-1,runble
82,6,60,60,0,-1,runble
82,7,65,65,0,-1,runble
82,8,70,70,0,-1,runble
82,9,50,50,0,-1,runble
82,10,45,45,0,1,run
82,11,40,40,0,0,run
82,12,35,35,0,-1,zombie
82,13,30,30,0,-1,zombie
82,1,50,50,0,-1,sleep
82,2,50,50,0,-1,sleep
82,3,50,50,0,-1,runble
82,4,50,50,0,-1,runble
82,5,55,55,0,-1,runble
82,6,60,60,0,-1,runble
82,7,65,65,0,-1,runble
82,8,70,70,0,-1,runble
82,9,50,50,0,-1,runble
82,10,45,45,0,1,run
82,11,40,40,0,0,run
82,12,35,35,0,-1,zombie
82,13,30,30,0,-1,zombie
83,1,50,50,0,-1,sleep
83,2,50,50,0,-1,sleep
83,3,50,50,0,-1,runble
83,4,50,50,0,-1,runble
83,5,55,55,0,-1,runble
83,6,60,60,0,-1,runble
83,7,65,65,0,-1,runble
83,8,70,70,0,-1,runble
83,9,50,50,0,-1,runble
83,10,45,45,0,1,run
83,11,40,40,0,0,run
83,12,35,35,0,-1,zombie
83,13,30,30,0,-1,zombie
83,1,50,50,0,-1,sleep
83,2,50,50,0,-1,sleep
83,3,50,50,0,-1,runble
83,4,50,50,0,-1,runble
83,5,55,55,0,-1,runble
83,6,60,60,0,-1,runble
83,7,65,65,0,-1,runble
83,8,70,70,0,-1,runble
83,9,50,50,0,-1,runble
83,10,45,45,0,1,run
83,11,40,40,0,0,run
83,12,35,35,0,-1,zombie
83,13,30,30,0,-1,zombie
84,1,50,50,0,-1,sleep
84,2,50,50,0,-1,sleep
84,3,50,50,0,-1,sleep
84,4,50,50,0,-1,runble
84,5,55,55,0,-1,runble
84,6,60,60,0,-1,runble
84,7,65,65,0,-1,runble
84,8,70,70,0,-1,runble
84,9,50,50,0,0,run
84,10,45,45,0,1,run
84,1,50,50,0,-1,sleep
84,2,50,50,0,-1,sleep
84,3,50,50,0,-1,sleep
84,4,50,50,0,-1,runble
84,5,55,55,0,-1,runble
84,6,60,60,0,-1,runble
84,7,65,65,0,-1,runble
84,8,70,70,0,-1,runble
84,9,50,50,0,-1,runble
84,10,45,45,0,1,run
84,1,50,50,0,-1,sleep
85,2,50,50,0,-1,sleep
85,3,50,50,0,-1,sleep
85,4,50,50,0,-1,sleep
85,5,55,55,0,-1,runble
85,6,60,60,0,-1,runble
85,7,65,65,0,-1,runble
85,8,70,70,0,-1,runble
85,9,50,50,0,0,run
85,10,45,45,0,1,run
85,1,50,50,0,-1,sleep
85,2,50,50,0,-1,sleep
85,3,50,50,0,-1,sleep
85,4,50,50,0,-1,runble
85,5,55,55,0,-1,runble
85,6,60,60,0,-1,runble
85,7,65,65,0,-1,runble
85,8,70,70,0,-1,runble
85,9,50,50,0,0,run
85,10,45,45,0,1,run
85,1,50,50,0,-1,sleep
85,2,50,50,0,-1,sleep
85,3,50,50,0,-1,sleep
86,4,50,50,0,-1,sleep
86,5,55,55,0,-1,runble
86,6,60,60,0,-1,runble
86,7,65,65,0,-1,runble
86,8,70,70,0,-1,runble
86,9,50,50,0,0,run
86,10,45,45,0,1,run
86,1,50,50,0,-1,sleep
86,2,50,50,0,-1,sleep
86,3,50,50,0,-1,sleep
86,4,50,50,0,-1,runble
86,5,55,55,0,-1,runble
86,6,60,60,0,-1,runble
86,7,65,65,0,-1,runble
86,8,70,70,0,-1,runble
86,9,50,50,0,0,run
86,10,45,45,0,1,run
86,1,50,50,0,-1,sleep
86,2,50,50,0,-1,sleep
86,3,50,50,0,-1,sleep
87,4,50,50,0,-1,sleep
87,5,55,55,0,-1,runble
87,6,60,60,0,-1,runble
87,7,65,65,0,-1,runble
87,8,70,70,0,-1,runble
87,9,50,50,0,0,run
87,10,45,45,0,1,run
87,1,50,50,0,-1,sleep
87,2,50,50,0,-1,sleep
87,3,50,50,0,-1,sleep
87,4,50,50,0,-1,runble
87,5,55,55,0,-1,runble
87,6,60,60,0,-1,runble
87,7,65,65,0,-1,runble
87,8,70,70,0,-1,runble
87,9,50,50,0,0,run
87,10,45,45,0,1,run
88,1,50,50,0,-1,sleep
88,2,50,50,0,-1,sleep
88,3,50,50,0,-1,sleep
88,4,50,50,0,-1,sleep
88,5,55,55,0,-1,runble
88,6,60,60,0,-1,runble
88,7,65,65,0,-1,runble
88,8,70,70,0,-1,runble
88,9,50,50,0,0,run
89,1,50,50,0,-1,sleep
89,2,50,50,0,-1,sleep
89,3,50,50,0,-1,sleep
89,4,50,50,0,-1,sleep
89,5,55,55,0,-1,runble
89,6,60,60,0,-1,runble
89,7,65,65,0,-1,runble
89,8,70,70,0,-1,runble
89,9,50,50,0,0,run
90,1,50,50,0,-1,sleep
90,2,50,50,0,-1,sleep
90,3,50,50,0,-1,sleep
90,4,50,50,0,-1,sleep
90,5,55,55,0,-1,runble
90,6,60,60,0,-1,runble
90,7,65,65,0,-1,runble
90,8,70,70,0,-1,runble
90,9,50,50,0,0,run
91,1,50,50,0,-1,sleep
91,2,50,50,0,-1,sleep
91,3,50,50,0,-1,sleep
91,4,50,50,0,-1,runble
91,5,55,55,0,-1,runble
91,6,60,60,0,-1,runble
91,7,65,65,0,-1,runble
91,8,70,70,0,-1,runble
91,9,50,50,0,0,run
92,1,50,50,0,-1,sleep
92,2,50,50,0,-1,sleep
92,3,50,50,0,-1,sleep
92,4,50,50,0,-1,sleep
92,5,55,55,0,-1,runble
92,6,60,60,0,-1,runble
92,7,65,65,0,-1,runble
92,8,70,70,0,-1,runble
92,9,50,50,0,0,run
93,1,50,50,0,-1,sleep
93,2,50,50,0,-1,sleep
93,3,50,50,0,-1,sleep
93,4,50,50,0,-1,sleep
93,5,55,55,0,-1,sleep
93,6,60,60,0,-1,sleep
93,7,65,65,0,-1,sleep
93,8,70,70,0,-1,sleep
93,9,50,50,0,1,run
94,1,50,50,0,-1,sleep
94,2,50,50,0,-1,sleep
94,3,50,50,0,-1,sleep
94,4,50,50,0,-1,sleep
94,5,55,55,0,-1,sleep
94,6,60,60,0,-1,sleep
94,7,65,65,0,-1,sleep
94,8,70,70,0,-1,sleep
94,9,50,50,0,1,run
95,1,50,50,0,-1,sleep
95,2,50,50,0,-1,sleep
95,3,50,50,0,-1,sleep
95,4,50,50,0,-1,sleep
95,5,55,55,0,-1,sleep
95,6,60,60,0,-1,sleep
95,7,65,65,0,-1,sleep
95,8,70,70,0,-1,sleep
95,9,50,50,0,1,run
96,1,50,50,0,-1,sleep
96,2,50,50,0,-1,sleep
96,3,50,50,0,-1,sleep
96,4,50,50,0,-1,sleep
96,5,55,55,0,-1,sleep
96,6,60,60,0,-1,sleep
96,7,65,65,0,-1,sleep
96,8,70,70,0,-1,sleep
96,9,50,50,0,1,run
97,1,50,50,0,-1,sleep
97,2,50,50,0,-1,sleep
97,3,50,50,0,-1,sleep
97,4,50,50,0,-1,sleep
97,5,55,55,0,-1,sleep
97,6,60,60,0,-1,sleep
97,7,65,65,0,-1,sleep
97,8,70,70,0,-1,sleep
97,9,50,50,0,1,run
98,1,50,50,0,-1,sleep
98,2,50,50,0,-1,sleep
98,3,50,50,0,-1,sleep
98,4,50,50,0,-1,sleep
98,5,55,55,0,-1,sleep
98,6,60,60,0,-1,sleep
98,7,65,65,0,-1,sleep
98,8,70,70,0,-1,sleep
98,9,50,50,0,1,run
99,1,50,50,0,-1,sleep
99,2,50,50,0,-1,sleep
99,3,50,50,0,-1,sleep
99,4,50,50,0,-1,sleep
99,5,55,55,0,-1,sleep
99,6,60,60,0,-1,sleep
99,7,65,65,0,-1,sleep
99,8,70,70,0,-1,sleep
99,9,50,50,0,1,run
100,1,50,50,0,-1,sleep
100,2,50,50,0,-1,sleep
100,3,50,50,0,-1,sleep
100,4,50,50,0,-1,sleep
100,5,55,55,0,-1,sleep
100,6,60,60,0,-1,sleep
100,7,65,65,0,-1,sleep
100,8,70,70,0,-1,sleep
100,9,50,50,0,1,run
101,1,50,50,0,-1,sleep
101,2,50,50,0,-1,sleep
101,3,50,50,0,-1,sleep
101,4,50,50,0,-1,sleep
101,5,55,55,0,-1,sleep
101,6,60,60,0,-1,sleep
101,7,65,65,0,-1,sleep
101,8,70,70,0,-1,sleep
101,9,50,50,0,1,run
102,1,50,50,0,-1,sleep
102,2,50,50,0,-1,sleep
102,3,50,50,0,-1,sleep
102,4,50,50,0,-1,sleep
102,5,55,55,0,-1,sleep
102,6,60,60,0,-1,sleep
102,7,65,65,0,-1,sleep
102,8,70,70,0,-1,sleep
102,9,50,50,0,1,run
103,1,50,50,0,-1,sleep
103,2,50,50,0,-1,sleep
103,3,50,50,0,-1,sleep
103,4,50,50,0,-1,sleep
103,5,55,55,0,-1,sleep
103,6,60,60,0,-1,sleep
103,7,65,65,0,-1,sleep
103,8,70,70,0,-1,sleep
103,9,50,50,0,1,run
104,1,50,50,0,-1,sleep
104,2,50,50,0,-1,sleep
104,3,50,50,0,-1,sleep
104,4,50,50,0,-1,sleep
104,5,55,55,0,-1,sleep
104,6,60,60,0,-1,sleep
104,7,65,65,0,-1,sleep
104,8,70,70,0,-1,sleep
104,9,50,50,0,1,run
105,1,50,50,0,-1,sleep
105,2,50,50,0,-1,sleep
105,3,50,50,0,-1,sleep
105,4,50,50,0,-1,sleep
105,5,55,55,0,-1,sleep
105,6,60,60,0,-1,sleep
105,7,65,65,0,-1,sleep
105,8,70,70,0,-1,sleep
105,9,50,50,0,1,run
106,1,50,50,0,-1,sleep
106,2,50,50,0,-1,sleep
106,3,50,50,0,-1,sleep
106,4,50,50,0,-1,sleep
106,5,55,55,0,-1,sleep
106,6,60,60,0,-1,sleep
106,7,65,65,0,-1,sleep
106,8,70,70,0,-1,sleep
106,9,50,50,0,1,run
107,1,50,50,0,-1,sleep
107,2,50,50,0,-1,sleep
107,3,50,50,0,-1,sleep
107,4,50,50,0,-1,sleep
107,5,55,55,0,-1,sleep
107,6,60,60,0,-1,sleep
107,7,65,65,0,-1,sleep
107,8,70,70,0,-1,sleep
107,9,50,50,0,1,run
108,1,50,50,0,-1,sleep
108,2,50,50,0,-1,sleep
108,3,50,50,0,-1,sleep
108,4,50,50,0,-1,sleep
108,5,55,55,0,-1,sleep
108,6,60,60,0,-1,sleep
108,7,65,65,0,-1,sleep
108,8,70,70,0,-1,sleep
108,9,50,50,0,1,run
109,1,50,50,0,-1,sleep
109,2,50,50,0,-1,sleep
109,3,50,50,0,-1,sleep
109,4,50,50,0,-1,sleep
109,5,55,55,0,-1,sleep
109,6,60,60,0,-1,sleep
109,7,65,65,0,-1,sleep
109,8,70,70,0,-1,sleep
109,9,50,50,0,1,run
110,1,50,50,0,-1,sleep
110,2,50,50,0,-1,sleep
110,3,50,50,0,-1,sleep
110,4,50,50,0,-1,sleep
110,5,55,55,0,-1,sleep
110,6,60,60,0,-1,sleep
110,7,65,65,0,-1,sleep
110,8,70,70,0,-1,sleep
110,9,50,50,0,1,run
111,1,50,50,0,-1,sleep
111,2,50,50,0,-1,sleep
111,3,50,50,0,-1,sleep
111,4,50,50,0,-1,sleep
111,5,55,55,0,-1,sleep
111,6,60,60,0,-1,sleep
111,7,65,65,0,-1,sleep
111,8,70,70,0,-1,sleep
111,9,50,50,0,1,run
