34,1,50,50,0,-1,sleep
34,2,50,50,0,-1,sleep
34,3,50,50,0,-1,sleep
34,4,50,50,0,-1,sleep
34,5,50,50,0,-1,sleep
34,6,50,50,0,-1,sleep
34,7,50,50,0,-1,sleep
34,8,50,50,0,-1,sleep
34,9,50,100,75,0,run
34,10,50,100,75,1,run
34,11,50,50,0,-1,runble
34,12,50,50,0,-1,runble
34,13,50,50,0,-1,runble
34,1,50,50,0,-1,sleep
34,2,50,50,0,-1,sleep
34,3,50,50,0,-1,sleep
34,4,50,50,0,-1,runble
34,5,50,50,0,-1,runble
34,6,50,50,0,-1,runble
34,7,50,50,0,-1,runble
34,8,50,50,0,-1,runble
34,9,50,100,75,0,run
34,10,50,100,75,-1,runble
34,11,50,50,0,1,run
34,12,50,50,0,-1,runble
34,13,50,50,0,-1,runble
35,1,50,50,0,-1,sleep
35,2,50,50,0,-1,sleep
35,3,50,50,0,-1,sleep
35,4,50,50,0,-1,sleep
35,5,50,50,0,-1,sleep
35,6,50,50,0,-1,sleep
35,7,50,50,0,-1,sleep
35,8,50,50,0,-1,sleep
35,9,50,83,33,-1,runble
35,10,50,83,33,-1,runble
35,11,50,83,33,1,run
35,12,50,83,33,0,run
35,13,50,50,0,-1,runble
35,1,50,50,0,-1,sleep
35,2,50,50,0,-1,sleep
35,3,50,50,0,-1,sleep
35,4,50,50,0,-1,runble
35,5,50,50,0,-1,runble
35,6,50,50,0,-1,runble
35,7,50,50,0,-1,runble
35,8,50,50,0,-1,runble
35,9,50,83,33,-1,runble
35,10,50,83,33,-1,runble
35,11,50,83,33,-1,runble
35,12,50,83,33,0,run
35,13,50,50,0,1,run
35,1,50,50,0,-1,sleep
36,2,50,50,0,-1,sleep
36,3,50,50,0,-1,sleep
36,4,50,50,0,-1,sleep
36,5,50,50,0,-1,sleep
36,6,50,50,0,-1,sleep
36,7,50,50,0,-1,sleep
36,8,50,50,0,-1,sleep
36,9,50,83,33,0,run
36,10,50,83,33,-1,runble
36,11,50,83,33,-1,runble
36,12,50,83,33,-1,runble
36,13,50,50,0,1,run
36,1,50,50,0,-1,sleep
36,2,50,50,0,-1,sleep
36,3,50,50,0,-1,sleep
36,4,50,50,0,-1,runble
36,5,50,50,0,-1,runble
36,6,50,50,0,-1,runble
36,7,50,50,0,-1,runble
36,8,50,50,0,-1,runble
36,9,50,83,33,0,run
36,10,50,62,12,-1,runble
36,11,50,62,12,-1,runble
36,12,50,62,12,-1,runble
36,13,50,50,0,1,run
37,1,50,50,0,-1,sleep
37,2,50,50,0,-1,sleep
37,3,50,50,0,-1,sleep
37,4,50,50,0,-1,sleep
37,5,50,50,0,-1,sleep
37,6,50,50,0,-1,sleep
37,7,50,50,0,-1,sleep
37,8,50,50,0,-1,sleep
37,9,50,62,12,-1,runble
37,10,50,62,12,0,run
37,11,50,50,0,-1,runble
37,12,50,50,0,-1,runble
37,13,50,50,0,1,run
37,1,50,50,0,-1,sleep
37,2,50,50,0,-1,sleep
37,3,50,50,0,-1,sleep
37,4,50,50,0,-1,runble
37,5,50,50,0,-1,runble
37,6,50,50,0,-1,runble
37,7,50,50,0,-1,runble
37,8,50,50,0,-1,runble
37,9,50,62,12,-1,runble
37,10,50,62,12,0,run
37,11,50,50,0,-1,runble
37,12,50,50,0,-1,runble
37,13,50,50,0,1,run
37,1,50,50,0,-1,sleep
37,2,50,50,0,-1,sleep
38,3,50,50,0,-1,sleep
38,4,50,50,0,-1,sleep
38,5,50,50,0,-1,sleep
38,6,50,50,0,-1,sleep
38,7,50,50,0,-1,sleep
38,8,50,50,0,-1,sleep
38,9,50,62,12,-1,runble
38,10,50,62,12,-1,runble
38,11,50,50,0,0,run
38,12,50,50,0,-1,runble
38,13,50,50,0,1,run
38,1,50,50,0,-1,sleep
38,2,50,50,0,-1,sleep
38,3,50,50,0,-1,sleep
38,4,50,50,0,-1,runble
38,5,50,50,0,-1,runble
38,6,50,50,0,-1,runble
38,7,50,50,0,-1,runble
38,8,50,50,0,-1,runble
38,9,50,50,0,-1,runble
38,10,50,50,0,-1,runble
38,11,50,50,0,0,run
38,12,50,50,0,-1,runble
38,13,50,50,0,1,run
38,1,50,50,0,-1,sleep
38,2,50,50,0,-1,sleep
38,3,50,50,0,-1,sleep
38,4,50,50,0,-1,sleep
38,5,50,50,0,-1,sleep
39,6,50,50,0,-1,sleep
39,7,50,50,0,-1,sleep
39,8,50,50,0,-1,sleep
39,9,50,50,0,0,run
39,10,50,50,0,-1,runble
39,11,50,50,0,-1,runble
39,12,50,50,0,-1,runble
39,13,50,50,0,1,run
39,1,50,50,0,-1,sleep
39,2,50,50,0,-1,sleep
39,3,50,50,0,-1,sleep
39,4,50,50,0,-1,runble
39,5,50,50,0,-1,runble
39,6,50,50,0,-1,runble
39,7,50,50,0,-1,runble
39,8,50,50,0,-1,runble
39,9,50,50,0,0,run
39,10,50,50,0,-1,runble
39,11,50,50,0,-1,runble
39,12,50,50,0,-1,runble
39,13,50,50,0,1,run
39,1,50,50,0,-1,sleep
39,2,50,50,0,-1,sleep
39,3,50,50,0,-1,sleep
39,4,50,50,0,-1,sleep
40,5,50,50,0,-1,sleep
40,6,50,50,0,-1,sleep
40,7,50,50,0,-1,sleep
40,8,50,50,0,-1,sleep
40,9,50,50,0,0,run
40,10,50,50,0,-1,runble
40,11,50,50,0,-1,runble
40,12,50,50,0,-1,runble
40,13,50,50,0,1,run
40,1,50,50,0,-1,sleep
40,2,50,50,0,-1,sleep
40,3,50,50,0,-1,sleep
40,4,50,50,0,-1,runble
40,5,50,50,0,-1,runble
40,6,50,50,0,-1,runble
40,7,50,50,0,-1,runble
40,8,50,50,0,-1,runble
40,9,50,50,0,0,run
40,10,50,50,0,-1,runble
40,11,50,50,0,-1,runble
40,12,50,50,0,-1,runble
40,13,50,50,0,1,run
40,1,50,50,0,-1,sleep
40,2,50,50,0,-1,sleep
40,3,50,50,0,-1,sleep
40,4,50,50,0,-1,sleep
40,5,50,50,0,-1,sleep
41,6,50,50,0,-1,sleep
41,7,50,50,0,-1,sleep
41,8,50,50,0,-1,sleep
41,9,50,50,0,0,run
41,10,50,50,0,-1,runble
41,11,50,50,0,-1,runble
41,12,50,50,0,-1,runble
41,13,50,50,0,1,run
41,1,50,50,0,-1,sleep
41,2,50,50,0,-1,sleep
41,3,50,50,0,-1,sleep
41,4,50,50,0,-1,runble
41,5,50,50,0,-1,runble
41,6,50,50,0,-1,runble
41,7,50,50,0,-1,runble
41,8,50,50,0,-1,runble
41,9,50,50,0,0,run
41,10,50,50,0,-1,runble
41,11,50,50,0,-1,runble
41,12,50,50,0,-1,runble
41,13,50,50,0,1,run
42,1,50,50,0,-1,sleep
42,2,50,50,0,-1,sleep
42,3,50,50,0,-1,sleep
42,4,50,50,0,-1,sleep
42,5,50,50,0,-1,sleep
42,6,50,50,0,-1,sleep
42,7,50,50,0,-1,sleep
42,8,50,50,0,-1,sleep
42,9,50,50,0,0,run
42,10,50,50,0,-1,runble
42,11,50,50,0,-1,runble
42,12,50,50,0,-1,runble
42,13,50,50,0,1,run
42,1,50,50,0,-1,sleep
42,2,50,50,0,-1,sleep
42,3,50,50,0,-1,sleep
42,4,50,50,0,-1,runble
42,5,50,50,0,-1,runble
42,6,50,50,0,-1,runble
42,7,50,50,0,-1,runble
42,8,50,50,0,-1,runble
42,9,50,50,0,0,run
42,10,50,50,0,-1,runble
42,11,50,50,0,-1,runble
42,12,50,50,0,-1,runble
42,13,50,50,0,1,run
42,1,50,50,0,-1,sleep
42,2,50,50,0,-1,sleep
42,3,50,50,0,-1,sleep
42,4,50,50,0,-1,sleep
43,5,50,50,0,-1,sleep
43,6,50,50,0,-1,sleep
43,7,50,50,0,-1,sleep
43,8,50,50,0,-1,sleep
43,9,50,50,0,0,run
43,10,50,50,0,-1,runble
43,11,50,50,0,-1,runble
43,12,50,50,0,-1,runble
43,13,50,50,0,1,run
43,1,50,50,0,-1,sleep
43,2,50,50,0,-1,sleep
43,3,50,50,0,-1,sleep
43,4,50,50,0,-1,runble
43,5,50,50,0,-1,runble
43,6,50,50,0,-1,runble
43,7,50,50,0,-1,runble
43,8,50,50,0,-1,runble
43,9,50,50,0,0,run
43,10,50,50,0,-1,runble
43,11,50,50,0,-1,runble
43,12,50,50,0,-1,runble
43,13,50,50,0,1,run
44,1,50,50,0,-1,sleep
44,2,50,50,0,-1,sleep
44,3,50,50,0,-1,sleep
44,4,50,50,0,-1,sleep
44,5,50,50,0,-1,sleep
44,6,50,50,0,-1,sleep
44,7,50,50,0,-1,sleep
44,8,50,50,0,-1,sleep
44,9,50,50,0,0,run
44,10,50,50,0,-1,runble
44,11,50,50,0,-1,runble
44,12,50,50,0,-1,runble
44,13,50,50,0,1,run
44,1,50,50,0,-1,sleep
44,2,50,50,0,-1,sleep
44,3,50,50,0,-1,sleep
44,4,50,50,0,-1,runble
44,5,50,50,0,-1,runble
44,6,50,50,0,-1,runble
44,7,50,50,0,-1,runble
44,8,50,50,0,-1,runble
44,9,50,50,0,0,run
44,10,50,50,0,-1,runble
44,11,50,50,0,-1,runble
44,12,50,50,0,-1,runble
44,13,50,50,0,1,run
45,1,50,50,0,-1,sleep
45,2,50,50,0,-1,sleep
45,3,50,50,0,-1,sleep
45,4,50,50,0,-1,sleep
45,5,50,50,0,-1,sleep
45,6,50,50,0,-1,sleep
45,7,50,50,0,-1,sleep
45,8,50,50,0,-1,sleep
45,9,50,50,0,0,run
45,10,50,50,0,-1,runble
45,11,50,50,0,-1,runble
45,12,50,50,0,-1,runble
45,13,50,50,0,1,run
45,1,50,50,0,-1,sleep
45,2,50,50,0,-1,sleep
45,3,50,50,0,-1,sleep
45,4,50,50,0,-1,runble
45,5,50,50,0,-1,runble
45,6,50,50,0,-1,runble
45,7,50,50,0,-1,runble
45,8,50,50,0,-1,runble
45,9,50,50,0,0,run
45,10,50,50,0,-1,runble
45,11,50,50,0,-1,runble
45,12,50,50,0,-1,runble
45,13,50,50,0,1,run
46,1,50,50,0,-1,sleep
46,2,50,50,0,-1,sleep
46,3,50,50,0,-1,sleep
46,4,50,50,0,-1,sleep
46,5,50,50,0,-1,sleep
46,6,50,50,0,-1,sleep
46,7,50,50,0,-1,sleep
46,8,50,50,0,-1,sleep
46,9,50,50,0,0,run
46,10,50,50,0,-1,runble
46,11,50,50,0,-1,runble
46,12,50,50,0,-1,runble
46,13,50,50,0,1,run
46,1,50,50,0,-1,sleep
46,2,50,50,0,-1,sleep
46,3,50,50,0,-1,sleep
46,4,50,50,0,-1,runble
46,5,50,50,0,-1,runble
46,6,50,50,0,-1,runble
46,7,50,50,0,-1,runble
46,8,50,50,0,-1,runble
46,9,50,50,0,0,run
46,10,50,50,0,-1,runble
46,11,50,50,0,-1,runble
46,12,50,50,0,-1,runble
46,13,50,50,0,1,run
47,1,50,50,0,-1,sleep
47,2,50,50,0,-1,sleep
47,3,50,50,0,-1,sleep
47,4,50,50,0,-1,sleep
47,5,50,50,0,-1,sleep
47,6,50,50,0,-1,sleep
47,7,50,50,0,-1,sleep
47,8,50,50,0,-1,sleep
47,9,50,50,0,0,run
47,10,50,50,0,-1,runble
47,11,50,50,0,-1,runble
47,12,50,50,0,-1,runble
47,13,50,50,0,1,run
47,1,50,50,0,-1,sleep
47,2,50,50,0,-1,sleep
47,3,50,50,0,-1,sleep
47,4,50,50,0,-1,runble
47,5,50,50,0,-1,runble
47,6,50,50,0,-1,runble
47,7,50,50,0,-1,runble
47,8,50,50,0,-1,runble
47,9,50,50,0,0,run
47,10,50,50,0,-1,runble
47,11,50,50,0,-1,runble
47,12,50,50,0,-1,runble
47,13,50,50,0,1,run
47,1,50,50,0,-1,sleep
47,2,50,50,0,-1,sleep
48,3,50,50,0,-1,sleep
48,4,50,50,0,-1,sleep
48,5,50,50,0,-1,sleep
48,6,50,50,0,-1,sleep
48,7,50,50,0,-1,sleep
48,8,50,50,0,-1,sleep
48,9,50,50,0,0,run
48,10,50,50,0,-1,runble
48,11,50,50,0,-1,runble
48,12,50,50,0,-1,runble
48,13,50,50,0,1,run
48,1,50,50,0,-1,sleep
48,2,50,50,0,-1,sleep
48,3,50,50,0,-1,sleep
48,4,50,50,0,-1,runble
48,5,50,50,0,-1,runble
48,6,50,50,0,-1,runble
48,7,50,50,0,-1,runble
48,8,50,50,0,-1,runble
48,9,50,50,0,0,run
48,10,50,50,0,-1,runble
48,11,50,50,0,-1,runble
48,12,50,50,0,-1,runble
48,13,50,50,0,1,run
48,1,50,50,0,-1,sleep
48,2,50,50,0,-1,sleep
49,3,50,50,0,-1,sleep
49,4,50,50,0,-1,sleep
49,5,50,50,0,-1,sleep
49,6,50,50,0,-1,sleep
49,7,50,50,0,-1,sleep
49,8,50,50,0,-1,sleep
49,9,50,50,0,0,run
49,10,50,50,0,-1,runble
49,11,50,50,0,-1,runble
49,12,50,50,0,-1,runble
49,13,50,50,0,1,run
49,1,50,50,0,-1,sleep
49,2,50,50,0,-1,sleep
49,3,50,50,0,-1,sleep
49,4,50,50,0,-1,runble
49,5,50,50,0,-1,runble
49,6,50,50,0,-1,runble
49,7,50,50,0,-1,runble
49,8,50,50,0,-1,runble
49,9,50,50,0,0,run
49,10,50,50,0,-1,runble
49,11,50,50,0,-1,runble
49,12,50,50,0,-1,runble
49,13,50,50,0,1,run
49,1,50,50,0,-1,sleep
50,2,50,50,0,-1,sleep
50,3,50,50,0,-1,sleep
50,4,50,50,0,-1,sleep
50,5,50,50,0,-1,sleep
50,6,50,50,0,-1,sleep
50,7,50,50,0,-1,sleep
50,8,50,50,0,-1,sleep
50,9,50,50,0,0,run
50,10,50,50,0,-1,runble
50,11,50,50,0,-1,runble
50,12,50,50,0,-1,runble
50,13,50,50,0,1,run
50,1,50,50,0,-1,sleep
50,2,50,50,0,-1,sleep
50,3,50,50,0,-1,sleep
50,4,50,50,0,-1,runble
50,5,50,50,0,-1,runble
50,6,50,50,0,-1,runble
50,7,50,50,0,-1,runble
50,8,50,50,0,-1,runble
50,9,50,50,0,0,run
50,10,50,50,0,-1,runble
50,11,50,50,0,-1,runble
50,12,50,50,0,-1,runble
50,13,50,50,0,1,run
50,1,50,50,0,-1,sleep
50,2,50,50,0,-1,sleep
51,3,50,50,0,-1,sleep
51,4,50,50,0,-1,sleep
51,5,50,50,0,-1,sleep
51,6,50,50,0,-1,sleep
51,7,50,50,0,-1,sleep
51,8,50,50,0,-1,sleep
51,9,50,50,0,0,run
51,10,50,50,0,-1,runble
51,11,50,50,0,-1,runble
51,12,50,50,0,-1,runble
51,13,50,50,0,1,run
51,1,50,50,0,-1,sleep
51,2,50,50,0,-1,sleep
51,3,50,50,0,-1,sleep
51,4,50,50,0,-1,runble
51,5,50,50,0,-1,runble
51,6,50,50,0,-1,runble
51,7,50,50,0,-1,runble
51,8,50,50,0,-1,runble
51,9,50,50,0,0,run
51,10,50,50,0,-1,runble
51,11,50,50,0,-1,runble
51,12,50,50,0,-1,runble
51,13,50,50,0,1,run
52,1,50,50,0,-1,sleep
52,2,50,50,0,-1,sleep
52,3,50,50,0,-1,sleep
52,4,50,50,0,-1,sleep
52,5,50,50,0,-1,sleep
52,6,50,50,0,-1,sleep
52,7,50,50,0,-1,sleep
52,8,50,50,0,-1,sleep
52,9,50,50,0,0,run
52,10,50,50,0,-1,runble
52,11,50,50,0,-1,runble
52,12,50,50,0,-1,runble
52,13,50,50,0,1,run
52,1,50,50,0,-1,sleep
52,2,50,50,0,-1,sleep
52,3,50,50,0,-1,sleep
52,4,50,50,0,-1,runble
52,5,50,50,0,-1,runble
52,6,50,50,0,-1,runble
52,7,50,50,0,-1,runble
52,8,50,50,0,-1,runble
52,9,50,50,0,0,run
52,10,50,50,0,-1,runble
52,11,50,50,0,-1,runble
52,12,50,50,0,-1,runble
52,13,50,50,0,1,run
52,1,50,50,0,-1,sleep
53,2,50,50,0,-1,sleep
53,3,50,50,0,-1,sleep
53,4,50,50,0,-1,sleep
53,5,50,50,0,-1,sleep
53,6,50,50,0,-1,sleep
53,7,50,50,0,-1,sleep
53,8,50,50,0,-1,sleep
53,9,50,50,0,0,run
53,10,50,50,0,-1,runble
53,11,50,50,0,-1,runble
53,12,50,50,0,-1,runble
53,13,50,50,0,1,run
53,1,50,50,0,-1,sleep
53,2,50,50,0,-1,sleep
53,3,50,50,0,-1,sleep
53,4,50,50,0,-1,runble
53,5,50,50,0,-1,runble
53,6,50,50,0,-1,runble
53,7,50,50,0,-1,runble
53,8,50,50,0,-1,runble
53,9,50,50,0,0,run
53,10,50,50,0,-1,runble
53,11,50,50,0,-1,runble
53,12,50,50,0,-1,runble
53,13,50,50,0,1,run
54,1,50,50,0,-1,sleep
54,2,50,50,0,-1,sleep
54,3,50,50,0,-1,sleep
54,4,50,50,0,-1,sleep
54,5,50,50,0,-1,sleep
54,6,50,50,0,-1,sleep
54,7,50,50,0,-1,sleep
54,8,50,50,0,-1,sleep
54,9,50,50,0,0,run
54,10,50,50,0,-1,runble
54,11,50,50,0,-1,runble
54,12,50,50,0,-1,runble
54,13,50,50,0,1,run
54,1,50,50,0,-1,sleep
54,2,50,50,0,-1,sleep
54,3,50,50,0,-1,sleep
54,4,50,50,0,-1,runble
54,5,50,50,0,-1,runble
54,6,50,50,0,-1,runble
54,7,50,50,0,-1,runble
54,8,50,50,0,-1,runble
54,9,50,50,0,0,run
54,10,50,50,0,-1,runble
54,11,50,50,0,-1,runble
54,12,50,50,0,-1,runble
54,13,50,50,0,1,run
55,1,50,50,0,-1,sleep
55,2,50,50,0,-1,sleep
55,3,50,50,0,-1,sleep
55,4,50,50,0,-1,sleep
55,5,50,50,0,-1,sleep
55,6,50,50,0,-1,sleep
55,7,50,50,0,-1,sleep
55,8,50,50,0,-1,sleep
55,9,50,50,0,0,run
55,10,50,50,0,-1,runble
55,11,50,50,0,-1,runble
55,12,50,50,0,-1,runble
55,13,50,50,0,1,run
55,1,50,50,0,-1,sleep
55,2,50,50,0,-1,sleep
55,3,50,50,0,-1,sleep
55,4,50,50,0,-1,runble
55,5,50,50,0,-1,runble
55,6,50,50,0,-1,runble
55,7,50,50,0,-1,runble
55,8,50,50,0,-1,runble
55,9,50,50,0,0,run
55,10,50,50,0,-1,runble
55,11,50,50,0,-1,runble
55,12,50,50,0,-1,runble
55,13,50,50,0,1,run
55,1,50,50,0,-1,sleep
56,2,50,50,0,-1,sleep
56,3,50,50,0,-1,sleep
56,4,50,50,0,-1,sleep
56,5,50,50,0,-1,sleep
56,6,50,50,0,-1,sleep
56,7,50,50,0,-1,sleep
56,8,50,50,0,-1,sleep
56,9,50,50,0,0,run
56,10,50,50,0,-1,runble
56,11,50,50,0,-1,runble
56,12,50,50,0,-1,runble
56,13,50,50,0,1,run
56,1,50,50,0,-1,sleep
56,2,50,50,0,-1,sleep
56,3,50,50,0,-1,sleep
56,4,50,50,0,-1,runble
56,5,50,50,0,-1,runble
56,6,50,50,0,-1,runble
56,7,50,50,0,-1,runble
56,8,50,50,0,-1,runble
56,9,50,50,0,0,run
56,10,50,50,0,-1,runble
56,11,50,50,0,-1,runble
56,12,50,50,0,-1,runble
56,13,50,50,0,1,run
56,1,50,50,0,-1,sleep
57,2,50,50,0,-1,sleep
57,3,50,50,0,-1,sleep
57,4,50,50,0,-1,sleep
57,5,50,50,0,-1,sleep
57,6,50,50,0,-1,sleep
57,7,50,50,0,-1,sleep
57,8,50,50,0,-1,sleep
57,9,50,50,0,0,run
57,10,50,50,0,-1,runble
57,11,50,50,0,-1,runble
57,12,50,50,0,-1,runble
57,13,50,50,0,1,run
57,1,50,50,0,-1,sleep
57,2,50,50,0,-1,sleep
57,3,50,50,0,-1,sleep
57,4,50,50,0,-1,runble
57,5,50,50,0,-1,runble
57,6,50,50,0,-1,runble
57,7,50,50,0,-1,runble
57,8,50,50,0,-1,runble
57,9,50,50,0,0,run
57,10,50,50,0,-1,runble
57,11,50,50,0,-1,runble
57,12,50,50,0,-1,runble
57,13,50,50,0,1,run
57,1,50,50,0,-1,sleep
57,2,50,50,0,-1,sleep
57,3,50,50,0,-1,sleep
57,4,50,50,0,-1,sleep
58,5,50,50,0,-1,sleep
58,6,50,50,0,-1,sleep
58,7,50,50,0,-1,sleep
58,8,50,50,0,-1,sleep
58,9,50,50,0,0,run
58,10,50,50,0,-1,runble
58,11,50,50,0,-1,runble
58,12,50,50,0,-1,runble
58,13,50,50,0,1,run
58,1,50,50,0,-1,sleep
58,2,50,50,0,-1,sleep
58,3,50,50,0,-1,sleep
58,4,50,50,0,-1,runble
58,5,50,50,0,-1,runble
58,6,50,50,0,-1,runble
58,7,50,50,0,-1,runble
58,8,50,50,0,-1,runble
58,9,50,50,0,0,run
58,10,50,50,0,-1,runble
58,11,50,50,0,-1,runble
58,12,50,50,0,-1,runble
58,13,50,50,0,1,run
59,1,50,50,0,-1,sleep
59,2,50,50,0,-1,sleep
59,3,50,50,0,-1,sleep
59,4,50,50,0,-1,sleep
59,5,50,50,0,-1,sleep
59,6,50,50,0,-1,sleep
59,7,50,50,0,-1,sleep
59,8,50,50,0,-1,sleep
59,9,50,50,0,0,run
59,10,50,50,0,-1,runble
59,11,50,50,0,-1,runble
59,12,50,50,0,-1,runble
59,13,50,50,0,1,run
59,1,50,50,0,-1,sleep
59,2,50,50,0,-1,sleep
59,3,50,50,0,-1,sleep
59,4,50,50,0,-1,runble
59,5,50,50,0,-1,runble
59,6,50,50,0,-1,runble
59,7,50,50,0,-1,runble
59,8,50,50,0,-1,runble
59,9,50,50,0,0,run
59,10,50,50,0,-1,runble
59,11,50,50,0,-1,runble
59,12,50,50,0,-1,runble
59,13,50,50,0,1,run
60,1,50,50,0,-1,sleep
60,2,50,50,0,-1,sleep
60,3,50,50,0,-1,sleep
60,4,50,50,0,-1,sleep
60,5,50,50,0,-1,sleep
60,6,50,50,0,-1,sleep
60,7,50,50,0,-1,sleep
60,8,50,50,0,-1,sleep
60,9,50,50,0,0,run
60,10,50,50,0,-1,runble
60,11,50,50,0,-1,runble
60,12,50,50,0,-1,runble
60,13,50,50,0,1,run
60,1,50,50,0,-1,sleep
60,2,50,50,0,-1,sleep
60,3,50,50,0,-1,sleep
60,4,50,50,0,-1,runble
60,5,50,50,0,-1,runble
60,6,50,50,0,-1,runble
60,7,50,50,0,-1,runble
60,8,50,50,0,-1,runble
60,9,50,50,0,0,run
60,10,50,50,0,-1,runble
60,11,50,50,0,-1,runble
60,12,50,50,0,-1,runble
60,13,50,50,0,1,run
61,1,50,50,0,-1,sleep
61,2,50,50,0,-1,sleep
61,3,50,50,0,-1,sleep
61,4,50,50,0,-1,sleep
61,5,50,50,0,-1,sleep
61,6,50,50,0,-1,sleep
61,7,50,50,0,-1,sleep
61,8,50,50,0,-1,sleep
61,9,50,50,0,0,run
61,10,50,50,0,-1,runble
61,11,50,50,0,-1,runble
61,12,50,50,0,-1,runble
61,13,50,50,0,1,run
61,1,50,50,0,-1,sleep
61,2,50,50,0,-1,sleep
61,3,50,50,0,-1,sleep
61,4,50,50,0,-1,runble
61,5,50,50,0,-1,runble
61,6,50,50,0,-1,runble
61,7,50,50,0,-1,runble
61,8,50,50,0,-1,runble
61,9,50,50,0,0,run
61,10,50,50,0,-1,runble
61,11,50,50,0,-1,runble
61,12,50,50,0,-1,runble
61,13,50,50,0,1,run
62,1,50,50,0,-1,sleep
62,2,50,50,0,-1,sleep
62,3,50,50,0,-1,sleep
62,4,50,50,0,-1,sleep
62,5,50,50,0,-1,sleep
62,6,50,50,0,-1,sleep
62,7,50,50,0,-1,sleep
62,8,50,50,0,-1,sleep
62,9,50,50,0,0,run
62,10,50,50,0,-1,runble
62,11,50,50,0,-1,runble
62,12,50,50,0,-1,runble
62,13,50,50,0,1,run
62,1,50,50,0,-1,sleep
62,2,50,50,0,-1,sleep
62,3,50,50,0,-1,sleep
62,4,50,50,0,-1,runble
62,5,50,50,0,-1,runble
62,6,50,50,0,-1,runble
62,7,50,50,0,-1,runble
62,8,50,50,0,-1,runble
62,9,50,50,0,0,run
62,10,50,50,0,-1,runble
62,11,50,50,0,-1,runble
62,12,50,50,0,-1,runble
62,13,50,50,0,1,run
63,1,50,50,0,-1,sleep
63,2,50,50,0,-1,sleep
63,3,50,50,0,-1,sleep
63,4,50,50,0,-1,sleep
63,5,50,50,0,-1,sleep
63,6,50,50,0,-1,sleep
63,7,50,50,0,-1,sleep
63,8,50,50,0,-1,sleep
63,9,50,50,0,0,run
63,10,50,50,0,1,run
63,11,50,50,0,-1,runble
63,12,50,50,0,-1,runble
63,1,50,50,0,-1,sleep
63,2,50,50,0,-1,sleep
63,3,50,50,0,-1,sleep
63,4,50,50,0,-1,runble
63,5,50,50,0,-1,runble
63,6,50,50,0,-1,runble
63,7,50,50,0,-1,runble
63,8,50,50,0,-1,runble
63,9,50,50,0,0,run
63,10,50,50,0,1,run
63,11,50,50,0,-1,runble
63,12,50,50,0,-1,runble
63,1,50,50,0,-1,sleep
63,2,50,50,0,-1,sleep
63,3,50,50,0,-1,sleep
63,4,50,50,0,-1,sleep
64,5,50,50,0,-1,sleep
64,6,50,50,0,-1,sleep
64,7,50,50,0,-1,sleep
64,8,50,50,0,-1,sleep
64,10,50,50,0,1,run
64,11,50,50,0,0,run
64,12,50,50,0,-1,runble
64,1,50,50,0,-1,sleep
64,2,50,50,0,-1,sleep
64,3,50,50,0,-1,sleep
64,4,50,50,0,-1,runble
64,5,50,50,0,-1,runble
64,6,50,50,0,-1,runble
64,7,50,50,0,-1,runble
64,8,50,50,0,-1,runble
64,10,50,50,0,1,run
64,11,50,50,0,0,run
64,12,50,50,0,-1,runble
64,1,50,50,0,-1,sleep
65,2,50,50,0,-1,sleep
65,3,50,50,0,-1,sleep
65,4,50,50,0,-1,sleep
65,5,50,50,0,-1,sleep
65,6,50,50,0,-1,sleep
65,7,50,50,0,-1,sleep
65,8,50,50,0,-1,sleep
65,10,50,50,0,1,run
65,11,50,50,0,0,run
65,12,50,50,0,-1,runble
65,1,50,50,0,-1,sleep
65,2,50,50,0,-1,sleep
65,3,50,50,0,-1,sleep
65,4,50,50,0,-1,runble
65,5,50,50,0,-1,runble
65,6,50,50,0,-1,runble
65,7,50,50,0,-1,runble
65,8,50,50,0,-1,runble
65,10,50,50,0,1,run
65,11,50,50,0,0,run
65,12,50,50,0,-1,runble
65,1,50,50,0,-1,sleep
65,2,50,50,0,-1,sleep
66,3,50,50,0,-1,sleep
66,4,50,50,0,-1,sleep
66,5,50,50,0,-1,sleep
66,6,50,50,0,-1,sleep
66,7,50,50,0,-1,sleep
66,8,50,50,0,-1,sleep
66,10,50,50,0,1,run
66,11,50,50,0,0,run
66,12,50,50,0,-1,runble
66,1,50,50,0,-1,sleep
66,2,50,50,0,-1,sleep
66,3,50,50,0,-1,sleep
66,4,50,50,0,-1,runble
66,5,50,50,0,-1,runble
66,6,50,50,0,-1,runble
66,7,50,50,0,-1,runble
66,8,50,50,0,-1,runble
66,10,50,50,0,1,run
66,11,50,50,0,0,run
66,12,50,50,0,-1,runble
67,1,50,50,0,-1,sleep
67,2,50,50,0,-1,sleep
67,3,50,50,0,-1,sleep
67,4,50,50,0,-1,sleep
67,5,50,50,0,-1,sleep
67,6,50,50,0,-1,sleep
67,7,50,50,0,-1,sleep
67,8,50,50,0,-1,sleep
67,10,50,50,0,1,run
67,11,50,50,0,0,run
67,12,50,50,0,-1,runble
67,1,50,50,0,-1,sleep
67,2,50,50,0,-1,sleep
67,3,50,50,0,-1,sleep
67,4,50,50,0,-1,runble
67,5,50,50,0,-1,runble
67,6,50,50,0,-1,runble
67,7,50,50,0,-1,runble
67,8,50,50,0,-1,runble
67,10,50,50,0,1,run
67,11,50,50,0,0,run
67,12,50,50,0,-1,runble
68,1,50,50,0,-1,sleep
68,2,50,50,0,-1,sleep
68,3,50,50,0,-1,sleep
68,4,50,50,0,-1,sleep
68,5,50,50,0,-1,sleep
68,6,50,50,0,-1,sleep
68,7,50,50,0,-1,sleep
68,8,50,50,0,-1,sleep
68,10,50,50,0,1,run
68,11,50,50,0,0,run
68,12,50,50,0,-1,runble
68,1,50,50,0,-1,sleep
68,2,50,50,0,-1,sleep
68,3,50,50,0,-1,sleep
68,4,50,50,0,-1,runble
68,5,50,50,0,-1,runble
68,6,50,50,0,-1,runble
68,7,50,50,0,-1,runble
68,8,50,50,0,-1,runble
68,10,50,50,0,1,run
68,11,50,50,0,0,run
68,12,50,50,0,-1,runble
68,1,50,50,0,-1,sleep
68,2,50,50,0,-1,sleep
69,3,50,50,0,-1,sleep
69,4,50,50,0,-1,sleep
69,5,50,50,0,-1,sleep
69,6,50,50,0,-1,sleep
69,7,50,50,0,-1,sleep
69,8,50,50,0,-1,sleep
69,10,50,50,0,1,run
69,11,50,50,0,0,run
69,12,50,50,0,-1,runble
69,1,50,50,0,-1,sleep
69,2,50,50,0,-1,sleep
69,3,50,50,0,-1,sleep
69,4,50,50,0,-1,runble
69,5,50,50,0,-1,runble
69,6,50,50,0,-1,runble
69,7,50,50,0,-1,runble
69,8,50,50,0,-1,runble
69,10,50,50,0,1,run
69,11,50,50,0,0,run
69,12,50,50,0,-1,runble
69,1,50,50,0,-1,sleep
69,2,50,50,0,-1,sleep
69,3,50,50,0,-1,sleep
70,4,50,50,0,-1,sleep
70,5,50,50,0,-1,sleep
70,6,50,50,0,-1,sleep
70,7,50,50,0,-1,sleep
70,8,50,50,0,-1,sleep
70,10,50,50,0,1,run
70,11,50,50,0,0,run
70,12,50,50,0,-1,runble
70,1,50,50,0,-1,sleep
70,2,50,50,0,-1,sleep
70,3,50,50,0,-1,sleep
70,4,50,50,0,-1,runble
70,5,50,50,0,-1,runble
70,6,50,50,0,-1,runble
70,7,50,50,0,-1,runble
70,8,50,50,0,-1,runble
70,10,50,50,0,1,run
70,11,50,50,0,0,run
70,12,50,50,0,-1,runble
70,1,50,50,0,-1,sleep
71,2,50,50,0,-1,sleep
71,3,50,50,0,-1,sleep
71,4,50,50,0,-1,sleep
71,5,50,50,0,-1,sleep
71,6,50,50,0,-1,sleep
71,7,50,50,0,-1,sleep
71,8,50,50,0,-1,sleep
71,10,50,50,0,1,run
71,11,50,50,0,0,run
71,12,50,50,0,-1,runble
71,1,50,50,0,-1,sleep
71,2,50,50,0,-1,sleep
71,3,50,50,0,-1,sleep
71,4,50,50,0,-1,runble
71,5,50,50,0,-1,runble
71,6,50,50,0,-1,runble
71,7,50,50,0,-1,runble
71,8,50,50,0,-1,runble
71,10,50,50,0,1,run
71,11,50,50,0,0,run
71,12,50,50,0,-1,runble
72,1,50,50,0,-1,sleep
72,2,50,50,0,-1,sleep
72,3,50,50,0,-1,sleep
72,4,50,50,0,-1,sleep
72,5,50,50,0,-1,sleep
72,6,50,50,0,-1,sleep
72,7,50,50,0,-1,sleep
72,8,50,50,0,-1,sleep
72,10,50,50,0,1,run
72,11,50,50,0,0,run
72,12,50,50,0,-1,runble
72,1,50,50,0,-1,sleep
72,2,50,50,0,-1,sleep
72,3,50,50,0,-1,sleep
72,4,50,50,0,-1,runble
72,5,50,50,0,-1,runble
72,6,50,50,0,-1,runble
72,7,50,50,0,-1,runble
72,8,50,50,0,-1,runble
72,10,50,50,0,1,run
72,11,50,50,0,0,run
72,12,50,50,0,-1,runble
72,1,50,50,0,-1,sleep
73,2,50,50,0,-1,sleep
73,3,50,50,0,-1,sleep
73,4,50,50,0,-1,sleep
73,5,50,50,0,-1,sleep
73,6,50,50,0,-1,sleep
73,7,50,50,0,-1,sleep
73,8,50,50,0,-1,sleep
73,10,50,50,0,1,run
73,11,50,50,0,0,run
73,12,50,50,0,-1,runble
73,1,50,50,0,-1,sleep
73,2,50,50,0,-1,sleep
73,3,50,50,0,-1,sleep
73,4,50,50,0,-1,runble
73,5,50,50,0,-1,runble
73,6,50,50,0,-1,runble
73,7,50,50,0,-1,runble
73,8,50,50,0,-1,runble
73,10,50,50,0,1,run
73,11,50,50,0,0,run
73,12,50,50,0,-1,runble
73,1,50,50,0,-1,sleep
73,2,50,50,0,-1,sleep
73,3,50,50,0,-1,sleep
73,4,50,50,0,-1,sleep
73,5,50,50,0,-1,sleep
73,6,50,50,0,-1,sleep
73,7,50,50,0,-1,sleep
74,8,50,50,0,-1,sleep
74,10,50,50,0,1,run
74,11,50,50,0,0,run
74,12,50,50,0,-1,runble
74,1,50,50,0,-1,sleep
74,2,50,50,0,-1,sleep
74,3,50,50,0,-1,sleep
74,4,50,50,0,-1,runble
74,5,50,50,0,-1,runble
74,6,50,50,0,-1,runble
74,7,50,50,0,-1,runble
74,8,50,50,0,-1,runble
74,10,50,50,0,1,run
74,11,50,50,0,0,run
74,12,50,50,0,-1,runble
75,1,50,50,0,-1,sleep
75,2,50,50,0,-1,sleep
75,3,50,50,0,-1,sleep
75,4,50,50,0,-1,sleep
75,5,50,50,0,-1,sleep
75,6,50,50,0,-1,sleep
75,7,50,50,0,-1,sleep
75,8,50,50,0,-1,sleep
75,10,50,50,0,1,run
75,11,50,50,0,0,run
75,12,50,50,0,-1,runble
75,1,50,50,0,-1,sleep
75,2,50,50,0,-1,sleep
75,3,50,50,0,-1,sleep
75,4,50,50,0,-1,runble
75,5,50,50,0,-1,runble
75,6,50,50,0,-1,runble
75,7,50,50,0,-1,runble
75,8,50,50,0,-1,runble
75,10,50,50,0,1,run
75,11,50,50,0,0,run
75,12,50,50,0,-1,runble
76,1,50,50,0,-1,sleep
76,2,50,50,0,-1,sleep
76,3,50,50,0,-1,sleep
76,4,50,50,0,-1,sleep
76,5,50,50,0,-1,sleep
76,6,50,50,0,-1,sleep
76,7,50,50,0,-1,sleep
76,8,50,50,0,-1,sleep
76,10,50,50,0,1,run
76,11,50,50,0,0,run
76,12,50,50,0,-1,runble
76,1,50,50,0,-1,sleep
76,2,50,50,0,-1,sleep
76,3,50,50,0,-1,sleep
76,4,50,50,0,-1,runble
76,5,50,50,0,-1,runble
76,6,50,50,0,-1,runble
76,7,50,50,0,-1,runble
76,8,50,50,0,-1,runble
76,10,50,50,0,1,run
76,11,50,50,0,0,run
76,12,50,50,0,-1,runble
77,1,50,50,0,-1,sleep
77,2,50,50,0,-1,sleep
77,3,50,50,0,-1,sleep
77,4,50,50,0,-1,sleep
77,5,50,50,0,-1,sleep
77,6,50,50,0,-1,sleep
77,7,50,50,0,-1,sleep
77,8,50,50,0,-1,sleep
77,10,50,50,0,1,run
77,11,50,50,0,0,run
77,12,50,50,0,-1,runble
77,1,50,50,0,-1,sleep
77,2,50,50,0,-1,sleep
77,3,50,50,0,-1,sleep
77,4,50,50,0,-1,runble
77,5,50,50,0,-1,runble
77,6,50,50,0,-1,runble
77,7,50,50,0,-1,runble
77,8,50,50,0,-1,runble
77,10,50,50,0,1,run
77,11,50,50,0,0,run
77,12,50,50,0,-1,runble
78,1,50,50,0,-1,sleep
78,2,50,50,0,-1,sleep
78,3,50,50,0,-1,sleep
78,4,50,50,0,-1,sleep
78,5,50,50,0,-1,sleep
78,6,50,50,0,-1,sleep
78,7,50,50,0,-1,sleep
78,8,50,50,0,-1,sleep
78,10,50,50,0,1,run
78,11,50,50,0,0,run
78,12,50,50,0,-1,runble
78,1,50,50,0,-1,sleep
78,2,50,50,0,-1,sleep
78,3,50,50,0,-1,sleep
78,4,50,50,0,-1,runble
78,5,50,50,0,-1,runble
78,6,50,50,0,-1,runble
78,7,50,50,0,-1,runble
78,8,50,50,0,-1,runble
78,10,50,50,0,1,run
78,11,50,50,0,0,run
78,12,50,50,0,-1,runble
78,1,50,50,0,-1,sleep
78,2,50,50,0,-1,sleep
78,3,50,50,0,-1,sleep
78,4,50,50,0,-1,sleep
79,5,50,50,0,-1,sleep
79,6,50,50,0,-1,sleep
79,7,50,50,0,-1,sleep
79,8,50,50,0,-1,sleep
79,10,50,50,0,1,run
79,11,50,50,0,0,run
79,12,50,50,0,-1,runble
79,1,50,50,0,-1,sleep
79,2,50,50,0,-1,sleep
79,3,50,50,0,-1,sleep
79,4,50,50,0,-1,runble
79,5,50,50,0,-1,runble
79,6,50,50,0,-1,runble
79,7,50,50,0,-1,runble
79,8,50,50,0,-1,runble
79,10,50,50,0,1,run
79,11,50,50,0,0,run
79,12,50,50,0,-1,runble
79,1,50,50,0,-1,sleep
80,2,50,50,0,-1,sleep
80,3,50,50,0,-1,sleep
80,4,50,50,0,-1,sleep
80,5,50,50,0,-1,sleep
80,6,50,50,0,-1,sleep
80,7,50,50,0,-1,sleep
80,8,50,50,0,-1,sleep
80,10,50,50,0,1,run
80,11,50,50,0,0,run
80,12,50,50,0,-1,runble
80,1,50,50,0,-1,sleep
80,2,50,50,0,-1,sleep
80,3,50,50,0,-1,sleep
80,4,50,50,0,-1,runble
80,5,50,50,0,-1,runble
80,6,50,50,0,-1,runble
80,7,50,50,0,-1,runble
80,8,50,50,0,-1,runble
80,10,50,50,0,1,run
80,11,50,50,0,0,run
80,12,50,50,0,-1,runble
80,1,50,50,0,-1,sleep
81,2,50,50,0,-1,sleep
81,3,50,50,0,-1,sleep
81,4,50,50,0,-1,sleep
81,5,50,50,0,-1,sleep
81,6,50,50,0,-1,sleep
81,7,50,50,0,-1,sleep
81,8,50,50,0,-1,sleep
81,10,50,50,0,1,run
81,11,50,50,0,0,run
81,12,50,50,0,-1,runble
81,1,50,50,0,-1,sleep
81,2,50,50,0,-1,sleep
81,3,50,50,0,-1,sleep
81,4,50,50,0,-1,runble
81,5,50,50,0,-1,runble
81,6,50,50,0,-1,runble
81,7,50,50,0,-1,runble
81,8,50,50,0,-1,runble
81,10,50,50,0,1,run
81,11,50,50,0,0,run
81,12,50,50,0,-1,runble
81,1,50,50,0,-1,sleep
82,2,50,50,0,-1,sleep
82,3,50,50,0,-1,sleep
82,4,50,50,0,-1,sleep
82,5,50,50,0,-1,sleep
82,6,50,50,0,-1,sleep
82,7,50,50,0,-1,sleep
82,8,50,50,0,-1,sleep
82,10,50,50,0,1,run
82,11,50,50,0,0,run
82,12,50,50,0,-1,runble
82,1,50,50,0,-1,sleep
82,2,50,50,0,-1,sleep
82,3,50,50,0,-1,sleep
82,4,50,50,0,-1,runble
82,5,50,50,0,-1,runble
82,6,50,50,0,-1,runble
82,7,50,50,0,-1,runble
82,8,50,50,0,-1,runble
82,10,50,50,0,1,run
82,11,50,50,0,0,run
82,12,50,50,0,-1,runble
83,1,50,50,0,-1,sleep
83,2,50,50,0,-1,sleep
83,3,50,50,0,-1,sleep
83,4,50,50,0,-1,sleep
83,5,50,50,0,-1,sleep
83,6,50,50,0,-1,sleep
83,7,50,50,0,-1,sleep
83,8,50,50,0,-1,sleep
83,10,50,50,0,1,run
83,11,50,50,0,0,run
83,12,50,50,0,-1,runble
83,1,50,50,0,-1,sleep
83,2,50,50,0,-1,sleep
83,3,50,50,0,-1,sleep
83,4,50,50,0,-1,runble
83,5,50,50,0,-1,runble
83,6,50,50,0,-1,runble
83,7,50,50,0,-1,runble
83,8,50,50,0,-1,runble
83,10,50,50,0,1,run
83,11,50,50,0,0,run
83,12,50,50,0,-1,runble
84,1,50,50,0,-1,sleep
84,2,50,50,0,-1,sleep
84,3,50,50,0,-1,sleep
84,4,50,50,0,-1,sleep
84,5,50,50,0,-1,sleep
84,6,50,50,0,-1,sleep
84,7,50,50,0,-1,sleep
84,8,50,50,0,-1,sleep
84,10,50,50,0,1,run
84,11,50,50,0,0,run
84,12,50,50,0,-1,runble
84,1,50,50,0,-1,sleep
84,2,50,50,0,-1,sleep
84,3,50,50,0,-1,sleep
84,4,50,50,0,-1,runble
84,5,50,50,0,-1,runble
84,6,50,50,0,-1,runble
84,7,50,50,0,-1,runble
84,8,50,50,0,-1,runble
84,10,50,50,0,1,run
84,11,50,50,0,0,run
84,12,50,50,0,-1,runble
85,1,50,50,0,-1,sleep
85,2,50,50,0,-1,sleep
85,3,50,50,0,-1,sleep
85,4,50,50,0,-1,sleep
85,5,50,50,0,-1,sleep
85,6,50,50,0,-1,sleep
85,7,50,50,0,-1,sleep
85,8,50,50,0,-1,sleep
85,10,50,50,0,1,run
85,11,50,50,0,0,run
85,12,50,50,0,-1,runble
85,1,50,50,0,-1,sleep
85,2,50,50,0,-1,sleep
85,3,50,50,0,-1,sleep
85,4,50,50,0,-1,runble
85,5,50,50,0,-1,runble
85,6,50,50,0,-1,runble
85,7,50,50,0,-1,runble
85,8,50,50,0,-1,runble
85,10,50,50,0,1,run
85,11,50,50,0,0,run
85,12,50,50,0,-1,runble
86,1,50,50,0,-1,sleep
86,2,50,50,0,-1,sleep
86,3,50,50,0,-1,sleep
86,4,50,50,0,-1,sleep
86,5,50,50,0,-1,sleep
86,6,50,50,0,-1,sleep
86,7,50,50,0,-1,sleep
86,8,50,50,0,-1,sleep
86,10,50,50,0,1,run
86,11,50,50,0,0,run
86,12,50,50,0,-1,runble
86,1,50,50,0,-1,sleep
86,2,50,50,0,-1,sleep
86,3,50,50,0,-1,sleep
86,4,50,50,0,-1,runble
86,5,50,50,0,-1,runble
86,6,50,50,0,-1,runble
86,7,50,50,0,-1,runble
86,8,50,50,0,-1,runble
86,10,50,50,0,1,run
86,11,50,50,0,0,run
86,12,50,50,0,-1,runble
87,1,50,50,0,-1,sleep
87,2,50,50,0,-1,sleep
87,3,50,50,0,-1,sleep
87,4,50,50,0,-1,sleep
87,5,50,50,0,-1,sleep
87,6,50,50,0,-1,sleep
87,7,50,50,0,-1,sleep
87,8,50,50,0,-1,sleep
87,10,50,50,0,1,run
87,11,50,50,0,0,run
87,12,50,50,0,-1,runble
87,1,50,50,0,-1,sleep
87,2,50,50,0,-1,sleep
87,3,50,50,0,-1,sleep
87,4,50,50,0,-1,runble
87,5,50,50,0,-1,runble
87,6,50,50,0,-1,runble
87,7,50,50,0,-1,runble
87,8,50,50,0,-1,runble
87,10,50,50,0,1,run
87,11,50,50,0,0,run
87,12,50,50,0,-1,runble
87,1,50,50,0,-1,sleep
87,2,50,50,0,-1,sleep
87,3,50,50,0,-1,sleep
88,4,50,50,0,-1,sleep
88,5,50,50,0,-1,sleep
88,6,50,50,0,-1,sleep
88,7,50,50,0,-1,sleep
88,8,50,50,0,-1,sleep
88,10,50,50,0,1,run
88,11,50,50,0,0,run
88,12,50,50,0,-1,runble
88,1,50,50,0,-1,sleep
88,2,50,50,0,-1,sleep
88,3,50,50,0,-1,sleep
88,4,50,50,0,-1,runble
88,5,50,50,0,-1,runble
88,6,50,50,0,-1,runble
88,7,50,50,0,-1,runble
88,8,50,50,0,-1,runble
88,10,50,50,0,1,run
88,11,50,50,0,0,run
88,12,50,50,0,-1,runble
88,1,50,50,0,-1,sleep
88,2,50,50,0,-1,sleep
88,3,50,50,0,-1,sleep
89,4,50,50,0,-1,sleep
89,5,50,50,0,-1,sleep
89,6,50,50,0,-1,sleep
89,7,50,50,0,-1,sleep
89,8,50,50,0,-1,sleep
89,11,50,50,0,0,run
89,12,50,50,0,1,run
89,1,50,50,0,-1,sleep
89,2,50,50,0,-1,sleep
89,3,50,50,0,-1,sleep
89,4,50,50,0,-1,runble
89,5,50,50,0,-1,runble
89,6,50,50,0,-1,runble
89,7,50,50,0,-1,runble
89,8,50,50,0,-1,runble
89,11,50,50,0,0,run
89,12,50,50,0,1,run
90,1,50,50,0,-1,sleep
90,2,50,50,0,-1,sleep
90,3,50,50,0,-1,sleep
90,4,50,50,0,-1,sleep
90,5,50,50,0,-1,sleep
90,6,50,50,0,-1,sleep
90,7,50,50,0,-1,sleep
90,8,50,50,0,-1,sleep
90,12,50,50,0,1,run
91,1,50,50,0,-1,sleep
91,2,50,50,0,-1,sleep
91,3,50,50,0,-1,sleep
91,4,50,50,0,-1,sleep
91,5,50,50,0,-1,sleep
91,6,50,50,0,-1,sleep
91,7,50,50,0,-1,sleep
91,8,50,50,0,-1,sleep
91,12,50,50,0,1,run
92,1,50,50,0,-1,sleep
92,2,50,50,0,-1,sleep
92,3,50,50,0,-1,sleep
92,4,50,50,0,-1,sleep
92,5,50,50,0,-1,sleep
92,6,50,50,0,-1,sleep
92,7,50,50,0,-1,sleep
92,8,50,50,0,-1,sleep
92,12,50,50,0,1,run
93,1,50,50,0,-1,sleep
93,2,50,50,0,-1,sleep
93,3,50,50,0,-1,sleep
93,4,50,50,0,-1,runble
93,5,50,50,0,-1,runble
93,6,50,50,0,-1,runble
93,7,50,50,0,-1,runble
93,8,50,50,0,-1,runble
93,12,50,50,0,1,run
94,1,50,50,0,-1,sleep
94,2,50,50,0,-1,sleep
94,3,50,50,0,-1,sleep
94,4,50,50,0,-1,sleep
94,5,50,50,0,-1,runble
94,6,50,50,0,-1,runble
94,7,50,50,0,-1,runble
94,8,50,50,0,-1,runble
94,12,50,50,0,0,run
95,1,50,50,0,-1,sleep
95,2,50,50,0,-1,sleep
95,3,50,50,0,-1,sleep
95,4,50,50,0,-1,sleep
95,5,50,50,0,-1,runble
95,6,50,50,0,-1,runble
95,7,50,50,0,-1,runble
95,8,50,50,0,-1,runble
95,12,50,50,0,0,run
96,1,50,50,0,-1,sleep
96,2,50,50,0,-1,sleep
96,3,50,50,0,-1,sleep
96,4,50,50,0,-1,sleep
96,5,50,50,0,-1,sleep
96,6,50,50,0,-1,sleep
96,7,50,50,0,-1,sleep
96,8,50,50,0,-1,sleep
96,12,50,50,0,1,run
97,1,50,50,0,-1,sleep
97,2,50,50,0,-1,sleep
97,3,50,50,0,-1,sleep
97,4,50,50,0,-1,runble
97,5,50,50,0,-1,runble
97,6,50,50,0,-1,runble
97,7,50,50,0,-1,runble
97,8,50,50,0,-1,runble
97,12,50,50,0,1,run
98,1,50,50,0,-1,sleep
98,2,50,50,0,-1,sleep
98,3,50,50,0,-1,sleep
98,4,50,50,0,-1,sleep
98,5,50,50,0,-1,sleep
98,6,50,50,0,-1,sleep
98,7,50,50,0,-1,sleep
98,8,50,50,0,-1,sleep
98,12,50,50,0,1,run
99,1,50,50,0,-1,sleep
99,2,50,50,0,-1,sleep
99,3,50,50,0,-1,sleep
99,4,50,50,0,-1,sleep
99,5,50,50,0,-1,sleep
99,6,50,50,0,-1,sleep
99,7,50,50,0,-1,sleep
99,8,50,50,0,-1,sleep
99,12,50,50,0,1,run
100,1,50,50,0,-1,sleep
100,2,50,50,0,-1,sleep
100,3,50,50,0,-1,sleep
100,4,50,50,0,-1,sleep
100,5,50,50,0,-1,sleep
100,6,50,50,0,-1,sleep
100,7,50,50,0,-1,sleep
100,8,50,50,0,-1,sleep
100,12,50,50,0,1,run
101,1,50,50,0,-1,sleep
101,2,50,50,0,-1,sleep
101,3,50,50,0,-1,sleep
101,4,50,50,0,-1,sleep
101,5,50,50,0,-1,sleep
101,6,50,50,0,-1,sleep
101,7,50,50,0,-1,sleep
101,8,50,50,0,-1,sleep
101,12,50,50,0,1,run
102,1,50,50,0,-1,sleep
102,2,50,50,0,-1,sleep
102,3,50,50,0,-1,sleep
102,4,50,50,0,-1,sleep
102,5,50,50,0,-1,sleep
102,6,50,50,0,-1,sleep
102,7,50,50,0,-1,sleep
102,8,50,50,0,-1,sleep
102,12,50,50,0,1,run
103,1,50,50,0,-1,sleep
103,2,50,50,0,-1,sleep
103,3,50,50,0,-1,sleep
103,4,50,50,0,-1,sleep
103,5,50,50,0,-1,sleep
103,6,50,50,0,-1,sleep
103,7,50,50,0,-1,sleep
103,8,50,50,0,-1,sleep
103,12,50,50,0,1,run
104,1,50,50,0,-1,sleep
104,2,50,50,0,-1,sleep
104,3,50,50,0,-1,sleep
104,4,50,50,0,-1,sleep
104,5,50,50,0,-1,sleep
104,6,50,50,0,-1,sleep
104,7,50,50,0,-1,sleep
104,8,50,50,0,-1,sleep
104,12,50,50,0,1,run
105,1,50,50,0,-1,sleep
105,2,50,50,0,-1,sleep
105,3,50,50,0,-1,sleep
105,4,50,50,0,-1,sleep
105,5,50,50,0,-1,sleep
105,6,50,50,0,-1,sleep
105,7,50,50,0,-1,sleep
105,8,50,50,0,-1,sleep
105,12,50,50,0,1,run
106,1,50,50,0,-1,sleep
106,2,50,50,0,-1,sleep
106,3,50,50,0,-1,sleep
106,4,50,50,0,-1,sleep
106,5,50,50,0,-1,sleep
106,6,50,50,0,-1,sleep
106,7,50,50,0,-1,sleep
106,8,50,50,0,-1,sleep
106,12,50,50,0,1,run
107,1,50,50,0,-1,sleep
107,2,50,50,0,-1,sleep
107,3,50,50,0,-1,sleep
107,4,50,50,0,-1,sleep
107,5,50,50,0,-1,sleep
107,6,50,50,0,-1,sleep
107,7,50,50,0,-1,sleep
107,8,50,50,0,-1,sleep
107,12,50,50,0,1,run
108,1,50,50,0,-1,sleep
108,2,50,50,0,-1,sleep
108,3,50,50,0,-1,sleep
108,4,50,50,0,-1,sleep
108,5,50,50,0,-1,sleep
108,6,50,50,0,-1,sleep
108,7,50,50,0,-1,sleep
108,8,50,50,0,-1,sleep
108,12,50,50,0,1,run
109,1,50,50,0,-1,sleep
109,2,50,50,0,-1,sleep
109,3,50,50,0,-1,sleep
109,4,50,50,0,-1,sleep
109,5,50,50,0,-1,sleep
109,6,50,50,0,-1,sleep
109,7,50,50,0,-1,sleep
109,8,50,50,0,-1,sleep
109,12,50,50,0,1,run
110,1,50,50,0,-1,sleep
110,2,50,50,0,-1,sleep
110,3,50,50,0,-1,sleep
110,4,50,50,0,-1,runble
110,5,50,50,0,-1,runble
110,6,50,50,0,-1,runble
110,7,50,50,0,-1,runble
110,8,50,50,0,-1,runble
110,12,50,50,0,1,run
111,1,50,50,0,-1,sleep
111,2,50,50,0,-1,sleep
111,3,50,50,0,-1,sleep
111,4,50,50,0,-1,sleep
111,5,50,50,0,-1,sleep
111,6,50,50,0,-1,sleep
111,7,50,50,0,-1,sleep
111,8,50,50,0,-1,sleep
111,12,50,50,0,1,run
112,1,50,50,0,-1,sleep
112,2,50,50,0,-1,sleep
112,3,50,50,0,-1,sleep
112,4,50,50,0,-1,sleep
112,5,50,50,0,-1,sleep
112,6,50,50,0,-1,sleep
112,7,50,50,0,-1,sleep
112,8,50,50,0,-1,sleep
112,12,50,50,0,1,run
113,1,50,50,0,-1,sleep
113,2,50,50,0,-1,sleep
113,3,50,50,0,-1,sleep
113,4,50,50,0,-1,sleep
113,5,50,50,0,-1,sleep
113,6,50,50,0,-1,sleep
113,7,50,50,0,-1,sleep
113,8,50,50,0,-1,sleep
113,12,50,50,0,1,run
114,1,50,50,0,-1,sleep
114,2,50,50,0,-1,sleep
114,3,50,50,0,-1,sleep
114,4,50,50,0,-1,sleep
114,5,50,50,0,-1,sleep
114,6,50,50,0,-1,sleep
114,7,50,50,0,-1,sleep
114,8,50,50,0,-1,sleep
114,12,50,50,0,1,run
