88,1,50,50,0,-1,sleep
88,2,50,50,0,-1,sleep
88,3,50,50,0,-1,sleep
88,4,50,50,0,-1,runble
88,5,50,50,0,-1,runble
88,6,50,50,0,-1,runble
88,7,50,50,0,-1,runble
88,8,50,50,0,-1,runble
88,9,50,100,75,0,run
88,10,50,50,0,-1,runble
88,11,50,50,0,-1,runble
88,12,50,50,0,-1,runble
88,13,50,50,0,-1,runble
89,1,50,50,0,-1,sleep
89,2,50,50,0,-1,sleep
89,3,50,50,0,-1,sleep
89,4,50,50,0,-1,runble
89,5,50,50,0,-1,runble
89,6,50,50,0,-1,runble
89,7,50,50,0,-1,runble
89,8,50,50,0,-1,runble
89,9,50,83,33,-1,runble
89,10,50,83,33,0,run
89,11,50,50,0,-1,runble
89,12,50,50,0,-1,runble
89,13,50,50,0,-1,runble
90,1,50,50,0,-1,sleep
90,2,50,50,0,-1,sleep
90,3,50,50,0,-1,sleep
90,4,50,50,0,-1,runble
90,5,50,50,0,-1,runble
90,6,50,50,0,-1,runble
90,7,50,50,0,-1,runble
90,8,50,50,0,-1,runble
90,9,50,62,12,-1,runble
90,10,50,62,12,-1,runble
90,11,50,62,12,0,run
90,12,50,50,0,-1,runble
90,13,50,50,0,-1,runble
91,1,50,50,0,-1,sleep
91,2,50,50,0,-1,sleep
91,3,50,50,0,-1,sleep
91,4,50,50,0,-1,runble
91,5,50,50,0,-1,runble
91,6,50,50,0,-1,runble
91,7,50,50,0,-1,runble
91,8,50,50,0,-1,runble
91,9,50,50,0,-1,runble
91,10,50,50,0,-1,runble
91,11,50,50,0,-1,runble
91,12,50,50,0,0,run
91,13,50,50,0,-1,runble
92,1,50,50,0,-1,sleep
92,2,50,50,0,-1,sleep
92,3,50,50,0,-1,sleep
92,4,50,50,0,-1,runble
92,5,50,50,0,-1,runble
92,6,50,50,0,-1,runble
92,7,50,50,0,-1,runble
92,8,50,50,0,-1,runble
92,9,50,50,0,0,run
92,10,50,50,0,-1,runble
92,11,50,50,0,-1,runble
92,12,50,50,0,-1,runble
92,13,50,50,0,-1,runble
93,1,50,50,0,-1,sleep
93,2,50,50,0,-1,sleep
93,3,50,50,0,-1,sleep
93,4,50,50,0,-1,runble
93,5,50,50,0,-1,runble
93,6,50,50,0,-1,runble
93,7,50,50,0,-1,runble
93,8,50,50,0,-1,runble
93,9,50,50,0,0,run
93,10,50,50,0,-1,runble
93,11,50,50,0,-1,runble
93,12,50,50,0,-1,runble
93,13,50,50,0,-1,runble
94,1,50,50,0,-1,sleep
94,2,50,50,0,-1,sleep
94,3,50,50,0,-1,sleep
94,4,50,50,0,-1,runble
94,5,50,50,0,-1,runble
94,6,50,50,0,-1,runble
94,7,50,50,0,-1,runble
94,8,50,50,0,-1,runble
94,9,50,50,0,0,run
94,10,50,50,0,-1,runble
94,11,50,50,0,-1,runble
94,12,50,50,0,-1,runble
94,13,50,50,0,-1,runble
95,1,50,50,0,-1,sleep
95,2,50,50,0,-1,sleep
95,3,50,50,0,-1,sleep
95,4,50,50,0,-1,runble
95,5,50,50,0,-1,runble
95,6,50,50,0,-1,runble
95,7,50,50,0,-1,runble
95,8,50,50,0,-1,runble
95,9,50,50,0,0,run
95,10,50,50,0,-1,runble
95,11,50,50,0,-1,runble
95,12,50,50,0,-1,runble
95,13,50,50,0,-1,runble
96,1,50,50,0,-1,sleep
96,2,50,50,0,-1,sleep
96,3,50,50,0,-1,sleep
96,4,50,50,0,-1,runble
96,5,50,50,0,-1,runble
96,6,50,50,0,-1,runble
96,7,50,50,0,-1,runble
96,8,50,50,0,-1,runble
96,9,50,50,0,0,run
96,10,50,50,0,-1,runble
96,11,50,50,0,-1,runble
96,12,50,50,0,-1,runble
96,13,50,50,0,-1,runble
97,1,50,50,0,-1,sleep
97,2,50,50,0,-1,sleep
97,3,50,50,0,-1,sleep
97,4,50,50,0,-1,runble
97,5,50,50,0,-1,runble
97,6,50,50,0,-1,runble
97,7,50,50,0,-1,runble
97,8,50,50,0,-1,runble
97,9,50,50,0,0,run
97,10,50,50,0,-1,runble
97,11,50,50,0,-1,runble
97,12,50,50,0,-1,runble
97,13,50,50,0,-1,runble
98,1,50,50,0,-1,sleep
98,2,50,50,0,-1,sleep
98,3,50,50,0,-1,sleep
98,4,50,50,0,-1,runble
98,5,50,50,0,-1,runble
98,6,50,50,0,-1,runble
98,7,50,50,0,-1,runble
98,8,50,50,0,-1,runble
98,9,50,50,0,0,run
98,10,50,50,0,-1,runble
98,11,50,50,0,-1,runble
98,12,50,50,0,-1,runble
98,13,50,50,0,-1,runble
99,1,50,50,0,-1,sleep
99,2,50,50,0,-1,sleep
99,3,50,50,0,-1,sleep
99,4,50,50,0,-1,runble
99,5,50,50,0,-1,runble
99,6,50,50,0,-1,runble
99,7,50,50,0,-1,runble
99,8,50,50,0,-1,runble
99,9,50,50,0,0,run
99,10,50,50,0,-1,runble
99,11,50,50,0,-1,runble
99,12,50,50,0,-1,runble
99,13,50,50,0,-1,runble
100,1,50,50,0,-1,sleep
100,2,50,50,0,-1,sleep
100,3,50,50,0,-1,sleep
100,4,50,50,0,-1,runble
100,5,50,50,0,-1,runble
100,6,50,50,0,-1,runble
100,7,50,50,0,-1,runble
100,8,50,50,0,-1,runble
100,9,50,50,0,0,run
100,10,50,50,0,-1,runble
100,11,50,50,0,-1,runble
100,12,50,50,0,-1,runble
100,13,50,50,0,-1,runble
101,1,50,50,0,-1,sleep
101,2,50,50,0,-1,sleep
101,3,50,50,0,-1,sleep
101,4,50,50,0,-1,runble
101,5,50,50,0,-1,runble
101,6,50,50,0,-1,runble
101,7,50,50,0,-1,runble
101,8,50,50,0,-1,runble
101,9,50,50,0,0,run
101,10,50,50,0,-1,runble
101,11,50,50,0,-1,runble
101,12,50,50,0,-1,runble
101,13,50,50,0,-1,runble
102,1,50,50,0,-1,sleep
102,2,50,50,0,-1,sleep
102,3,50,50,0,-1,sleep
102,4,50,50,0,-1,runble
102,5,50,50,0,-1,runble
102,6,50,50,0,-1,runble
102,7,50,50,0,-1,runble
102,8,50,50,0,-1,runble
102,9,50,50,0,0,run
102,10,50,50,0,-1,runble
102,11,50,50,0,-1,runble
102,12,50,50,0,-1,runble
102,13,50,50,0,-1,runble
103,1,50,50,0,-1,sleep
103,2,50,50,0,-1,sleep
103,3,50,50,0,-1,sleep
103,4,50,50,0,-1,runble
103,5,50,50,0,-1,runble
103,6,50,50,0,-1,runble
103,7,50,50,0,-1,runble
103,8,50,50,0,-1,runble
103,9,50,50,0,0,run
103,10,50,50,0,-1,runble
103,11,50,50,0,-1,runble
103,12,50,50,0,-1,runble
103,13,50,50,0,-1,runble
104,1,50,50,0,-1,sleep
104,2,50,50,0,-1,sleep
104,3,50,50,0,-1,sleep
104,4,50,50,0,-1,runble
104,5,50,50,0,-1,runble
104,6,50,50,0,-1,runble
104,7,50,50,0,-1,runble
104,8,50,50,0,-1,runble
104,9,50,50,0,0,run
104,10,50,50,0,-1,runble
104,11,50,50,0,-1,runble
104,12,50,50,0,-1,runble
104,13,50,50,0,-1,runble
105,1,50,50,0,-1,sleep
105,2,50,50,0,-1,sleep
105,3,50,50,0,-1,sleep
105,4,50,50,0,-1,runble
105,5,50,50,0,-1,runble
105,6,50,50,0,-1,runble
105,7,50,50,0,-1,runble
105,8,50,50,0,-1,runble
105,9,50,50,0,0,run
105,10,50,50,0,-1,runble
105,11,50,50,0,-1,runble
105,12,50,50,0,-1,runble
105,13,50,50,0,-1,runble
106,1,50,50,0,-1,sleep
106,2,50,50,0,-1,sleep
106,3,50,50,0,-1,sleep
106,4,50,50,0,-1,runble
106,5,50,50,0,-1,runble
106,6,50,50,0,-1,runble
106,7,50,50,0,-1,runble
106,8,50,50,0,-1,runble
106,9,50,50,0,0,run
106,10,50,50,0,-1,runble
106,11,50,50,0,-1,runble
106,12,50,50,0,-1,runble
106,13,50,50,0,-1,runble
107,1,50,50,0,-1,sleep
107,2,50,50,0,-1,sleep
107,3,50,50,0,-1,sleep
107,4,50,50,0,-1,runble
107,5,50,50,0,-1,runble
107,6,50,50,0,-1,runble
107,7,50,50,0,-1,runble
107,8,50,50,0,-1,runble
107,9,50,50,0,0,run
107,10,50,50,0,-1,runble
107,11,50,50,0,-1,runble
107,12,50,50,0,-1,runble
107,13,50,50,0,-1,runble
108,1,50,50,0,-1,sleep
108,2,50,50,0,-1,sleep
108,3,50,50,0,-1,sleep
108,4,50,50,0,-1,runble
108,5,50,50,0,-1,runble
108,6,50,50,0,-1,runble
108,7,50,50,0,-1,runble
108,8,50,50,0,-1,runble
108,9,50,50,0,0,run
108,10,50,50,0,-1,runble
108,11,50,50,0,-1,runble
108,12,50,50,0,-1,runble
108,13,50,50,0,-1,runble
109,1,50,50,0,-1,sleep
109,2,50,50,0,-1,sleep
109,3,50,50,0,-1,sleep
109,4,50,50,0,-1,runble
109,5,50,50,0,-1,runble
109,6,50,50,0,-1,runble
109,7,50,50,0,-1,runble
109,8,50,50,0,-1,runble
109,9,50,50,0,0,run
109,10,50,50,0,-1,runble
109,11,50,50,0,-1,runble
109,12,50,50,0,-1,runble
109,13,50,50,0,-1,runble
110,1,50,50,0,-1,sleep
110,2,50,50,0,-1,sleep
110,3,50,50,0,-1,sleep
110,4,50,50,0,-1,runble
110,5,50,50,0,-1,runble
110,6,50,50,0,-1,runble
110,7,50,50,0,-1,runble
110,8,50,50,0,-1,runble
110,9,50,50,0,0,run
110,10,50,50,0,-1,runble
110,11,50,50,0,-1,runble
110,12,50,50,0,-1,runble
110,13,50,50,0,-1,runble
111,1,50,50,0,-1,sleep
111,2,50,50,0,-1,sleep
111,3,50,50,0,-1,sleep
111,4,50,50,0,-1,runble
111,5,50,50,0,-1,runble
111,6,50,50,0,-1,runble
111,7,50,50,0,-1,runble
111,8,50,50,0,-1,runble
111,9,50,50,0,0,run
111,10,50,50,0,-1,runble
111,11,50,50,0,-1,runble
111,12,50,50,0,-1,runble
111,13,50,50,0,-1,runble
112,1,50,50,0,-1,sleep
112,2,50,50,0,-1,sleep
112,3,50,50,0,-1,sleep
112,4,50,50,0,-1,runble
112,5,50,50,0,-1,runble
112,6,50,50,0,-1,runble
112,7,50,50,0,-1,runble
112,8,50,50,0,-1,runble
112,9,50,50,0,0,run
112,10,50,50,0,-1,runble
112,11,50,50,0,-1,runble
112,12,50,50,0,-1,runble
112,13,50,50,0,-1,runble
113,1,50,50,0,-1,sleep
113,2,50,50,0,-1,sleep
113,3,50,50,0,-1,sleep
113,4,50,50,0,-1,runble
113,5,50,50,0,-1,runble
113,6,50,50,0,-1,runble
113,7,50,50,0,-1,runble
113,8,50,50,0,-1,runble
113,9,50,50,0,0,run
113,10,50,50,0,-1,runble
113,11,50,50,0,-1,runble
113,12,50,50,0,-1,runble
113,13,50,50,0,-1,runble
114,1,50,50,0,-1,sleep
114,2,50,50,0,-1,sleep
114,3,50,50,0,-1,sleep
114,4,50,50,0,-1,runble
114,5,50,50,0,-1,runble
114,6,50,50,0,-1,runble
114,7,50,50,0,-1,runble
114,8,50,50,0,-1,runble
114,9,50,50,0,0,run
114,10,50,50,0,-1,runble
114,11,50,50,0,-1,runble
114,12,50,50,0,-1,runble
114,13,50,50,0,-1,runble
115,1,50,50,0,-1,sleep
115,2,50,50,0,-1,sleep
115,3,50,50,0,-1,sleep
115,4,50,50,0,-1,runble
115,5,50,50,0,-1,runble
115,6,50,50,0,-1,runble
115,7,50,50,0,-1,runble
115,8,50,50,0,-1,runble
115,9,50,50,0,0,run
115,10,50,50,0,-1,runble
115,11,50,50,0,-1,runble
115,12,50,50,0,-1,runble
115,13,50,50,0,-1,runble
116,1,50,50,0,-1,sleep
116,2,50,50,0,-1,sleep
116,3,50,50,0,-1,sleep
116,4,50,50,0,-1,runble
116,5,50,50,0,-1,runble
116,6,50,50,0,-1,runble
116,7,50,50,0,-1,runble
116,8,50,50,0,-1,runble
116,9,50,50,0,0,run
116,10,50,50,0,-1,runble
116,11,50,50,0,-1,runble
116,12,50,50,0,-1,runble
116,13,50,50,0,-1,runble
117,1,50,50,0,-1,sleep
117,2,50,50,0,-1,sleep
117,3,50,50,0,-1,sleep
117,4,50,50,0,-1,runble
117,5,50,50,0,-1,runble
117,6,50,50,0,-1,runble
117,7,50,50,0,-1,runble
117,8,50,50,0,-1,runble
117,9,50,50,0,0,run
117,10,50,50,0,-1,runble
117,11,50,50,0,-1,runble
117,12,50,50,0,-1,runble
117,13,50,50,0,-1,runble
118,1,50,50,0,-1,sleep
118,2,50,50,0,-1,sleep
118,3,50,50,0,-1,sleep
118,4,50,50,0,-1,runble
118,5,50,50,0,-1,runble
118,6,50,50,0,-1,runble
118,7,50,50,0,-1,runble
118,8,50,50,0,-1,runble
118,10,50,50,0,0,run
118,11,50,50,0,-1,runble
118,12,50,50,0,-1,runble
118,13,50,50,0,-1,runble
119,1,50,50,0,-1,sleep
119,2,50,50,0,-1,sleep
119,3,50,50,0,-1,sleep
119,4,50,50,0,-1,runble
119,5,50,50,0,-1,runble
119,6,50,50,0,-1,runble
119,7,50,50,0,-1,runble
119,8,50,50,0,-1,runble
119,10,50,50,0,0,run
119,11,50,50,0,-1,runble
119,12,50,50,0,-1,runble
119,13,50,50,0,-1,runble
120,1,50,50,0,-1,sleep
120,2,50,50,0,-1,sleep
120,3,50,50,0,-1,sleep
120,4,50,50,0,-1,runble
120,5,50,50,0,-1,runble
120,6,50,50,0,-1,runble
120,7,50,50,0,-1,runble
120,8,50,50,0,-1,runble
120,10,50,50,0,0,run
120,11,50,50,0,-1,runble
120,12,50,50,0,-1,runble
120,13,50,50,0,-1,runble
121,1,50,50,0,-1,sleep
121,2,50,50,0,-1,sleep
121,3,50,50,0,-1,sleep
121,4,50,50,0,-1,runble
121,5,50,50,0,-1,runble
121,6,50,50,0,-1,runble
121,7,50,50,0,-1,runble
121,8,50,50,0,-1,runble
121,10,50,50,0,0,run
121,11,50,50,0,-1,runble
121,12,50,50,0,-1,runble
121,13,50,50,0,-1,runble
122,1,50,50,0,-1,sleep
122,2,50,50,0,-1,sleep
122,3,50,50,0,-1,sleep
122,4,50,50,0,-1,runble
122,5,50,50,0,-1,runble
122,6,50,50,0,-1,runble
122,7,50,50,0,-1,runble
122,8,50,50,0,-1,runble
122,10,50,50,0,0,run
122,11,50,50,0,-1,runble
122,12,50,50,0,-1,runble
122,13,50,50,0,-1,runble
123,1,50,50,0,-1,sleep
123,2,50,50,0,-1,sleep
123,3,50,50,0,-1,sleep
123,4,50,50,0,-1,runble
123,5,50,50,0,-1,runble
123,6,50,50,0,-1,runble
123,7,50,50,0,-1,runble
123,8,50,50,0,-1,runble
123,10,50,50,0,0,run
123,11,50,50,0,-1,runble
123,12,50,50,0,-1,runble
123,13,50,50,0,-1,runble
124,1,50,50,0,-1,sleep
124,2,50,50,0,-1,sleep
124,3,50,50,0,-1,sleep
124,4,50,50,0,-1,runble
124,5,50,50,0,-1,runble
124,6,50,50,0,-1,runble
124,7,50,50,0,-1,runble
124,8,50,50,0,-1,runble
124,10,50,50,0,0,run
124,11,50,50,0,-1,runble
124,12,50,50,0,-1,runble
124,13,50,50,0,-1,runble
125,1,50,50,0,-1,sleep
125,2,50,50,0,-1,sleep
125,3,50,50,0,-1,sleep
125,4,50,50,0,-1,runble
125,5,50,50,0,-1,runble
125,6,50,50,0,-1,runble
125,7,50,50,0,-1,runble
125,8,50,50,0,-1,runble
125,10,50,50,0,0,run
125,11,50,50,0,-1,runble
125,12,50,50,0,-1,runble
125,13,50,50,0,-1,runble
126,1,50,50,0,-1,sleep
126,2,50,50,0,-1,sleep
126,3,50,50,0,-1,sleep
126,4,50,50,0,-1,runble
126,5,50,50,0,-1,runble
126,6,50,50,0,-1,runble
126,7,50,50,0,-1,runble
126,8,50,50,0,-1,runble
126,10,50,50,0,0,run
126,11,50,50,0,-1,runble
126,12,50,50,0,-1,runble
126,13,50,50,0,-1,runble
127,1,50,50,0,-1,sleep
127,2,50,50,0,-1,sleep
127,3,50,50,0,-1,sleep
127,4,50,50,0,-1,runble
127,5,50,50,0,-1,runble
127,6,50,50,0,-1,runble
127,7,50,50,0,-1,runble
127,8,50,50,0,-1,runble
127,10,50,50,0,0,run
127,11,50,50,0,-1,runble
127,12,50,50,0,-1,runble
127,13,50,50,0,-1,runble
128,1,50,50,0,-1,sleep
128,2,50,50,0,-1,sleep
128,3,50,50,0,-1,sleep
128,4,50,50,0,-1,runble
128,5,50,50,0,-1,runble
128,6,50,50,0,-1,runble
128,7,50,50,0,-1,runble
128,8,50,50,0,-1,runble
128,10,50,50,0,0,run
128,11,50,50,0,-1,runble
128,12,50,50,0,-1,runble
128,13,50,50,0,-1,runble
129,1,50,50,0,-1,sleep
129,2,50,50,0,-1,sleep
129,3,50,50,0,-1,sleep
129,4,50,50,0,-1,runble
129,5,50,50,0,-1,runble
129,6,50,50,0,-1,runble
129,7,50,50,0,-1,runble
129,8,50,50,0,-1,runble
129,10,50,50,0,0,run
129,11,50,50,0,-1,runble
129,12,50,50,0,-1,runble
129,13,50,50,0,-1,runble
130,1,50,50,0,-1,sleep
130,2,50,50,0,-1,sleep
130,3,50,50,0,-1,sleep
130,4,50,50,0,-1,runble
130,5,50,50,0,-1,runble
130,6,50,50,0,-1,runble
130,7,50,50,0,-1,runble
130,8,50,50,0,-1,runble
130,10,50,50,0,0,run
130,11,50,50,0,-1,runble
130,12,50,50,0,-1,runble
130,13,50,50,0,-1,runble
131,1,50,50,0,-1,sleep
131,2,50,50,0,-1,sleep
131,3,50,50,0,-1,sleep
131,4,50,50,0,-1,runble
131,5,50,50,0,-1,runble
131,6,50,50,0,-1,runble
131,7,50,50,0,-1,runble
131,8,50,50,0,-1,runble
131,10,50,50,0,0,run
131,11,50,50,0,-1,runble
131,12,50,50,0,-1,runble
131,13,50,50,0,-1,runble
132,1,50,50,0,-1,sleep
132,2,50,50,0,-1,sleep
132,3,50,50,0,-1,sleep
132,4,50,50,0,-1,runble
132,5,50,50,0,-1,runble
132,6,50,50,0,-1,runble
132,7,50,50,0,-1,runble
132,8,50,50,0,-1,runble
132,10,50,50,0,0,run
132,11,50,50,0,-1,runble
132,12,50,50,0,-1,runble
132,13,50,50,0,-1,runble
133,1,50,50,0,-1,sleep
133,2,50,50,0,-1,sleep
133,3,50,50,0,-1,sleep
133,4,50,50,0,-1,runble
133,5,50,50,0,-1,runble
133,6,50,50,0,-1,runble
133,7,50,50,0,-1,runble
133,8,50,50,0,-1,runble
133,10,50,50,0,0,run
133,11,50,50,0,-1,runble
133,12,50,50,0,-1,runble
133,13,50,50,0,-1,runble
134,1,50,50,0,-1,sleep
134,2,50,50,0,-1,sleep
134,3,50,50,0,-1,sleep
134,4,50,50,0,-1,runble
134,5,50,50,0,-1,runble
134,6,50,50,0,-1,runble
134,7,50,50,0,-1,runble
134,8,50,50,0,-1,runble
134,10,50,50,0,0,run
134,11,50,50,0,-1,runble
134,12,50,50,0,-1,runble
134,13,50,50,0,-1,runble
135,1,50,50,0,-1,sleep
135,2,50,50,0,-1,sleep
135,3,50,50,0,-1,sleep
135,4,50,50,0,-1,runble
135,5,50,50,0,-1,runble
135,6,50,50,0,-1,runble
135,7,50,50,0,-1,runble
135,8,50,50,0,-1,runble
135,10,50,50,0,0,run
135,11,50,50,0,-1,runble
135,12,50,50,0,-1,runble
135,13,50,50,0,-1,runble
136,1,50,50,0,-1,sleep
136,2,50,50,0,-1,sleep
136,3,50,50,0,-1,sleep
136,4,50,50,0,-1,runble
136,5,50,50,0,-1,runble
136,6,50,50,0,-1,runble
136,7,50,50,0,-1,runble
136,8,50,50,0,-1,runble
136,10,50,50,0,0,run
136,11,50,50,0,-1,runble
136,12,50,50,0,-1,runble
136,13,50,50,0,-1,runble
137,1,50,50,0,-1,sleep
137,2,50,50,0,-1,sleep
137,3,50,50,0,-1,sleep
137,4,50,50,0,-1,runble
137,5,50,50,0,-1,runble
137,6,50,50,0,-1,runble
137,7,50,50,0,-1,runble
137,8,50,50,0,-1,runble
137,10,50,50,0,0,run
137,11,50,50,0,-1,runble
137,12,50,50,0,-1,runble
137,13,50,50,0,-1,runble
138,1,50,50,0,-1,sleep
138,2,50,50,0,-1,sleep
138,3,50,50,0,-1,sleep
138,4,50,50,0,-1,runble
138,5,50,50,0,-1,runble
138,6,50,50,0,-1,runble
138,7,50,50,0,-1,runble
138,8,50,50,0,-1,runble
138,10,50,50,0,0,run
138,11,50,50,0,-1,runble
138,12,50,50,0,-1,runble
138,13,50,50,0,-1,runble
139,1,50,50,0,-1,sleep
139,2,50,50,0,-1,sleep
139,3,50,50,0,-1,sleep
139,4,50,50,0,-1,runble
139,5,50,50,0,-1,runble
139,6,50,50,0,-1,runble
139,7,50,50,0,-1,runble
139,8,50,50,0,-1,runble
139,10,50,50,0,0,run
139,11,50,50,0,-1,runble
139,12,50,50,0,-1,runble
139,13,50,50,0,-1,runble
140,1,50,50,0,-1,sleep
140,2,50,50,0,-1,sleep
140,3,50,50,0,-1,sleep
140,4,50,50,0,-1,runble
140,5,50,50,0,-1,runble
140,6,50,50,0,-1,runble
140,7,50,50,0,-1,runble
140,8,50,50,0,-1,runble
140,10,50,50,0,0,run
140,11,50,50,0,-1,runble
140,12,50,50,0,-1,runble
140,13,50,50,0,-1,runble
141,1,50,50,0,-1,sleep
141,2,50,50,0,-1,sleep
141,3,50,50,0,-1,sleep
141,4,50,50,0,-1,runble
141,5,50,50,0,-1,runble
141,6,50,50,0,-1,runble
141,7,50,50,0,-1,runble
141,8,50,50,0,-1,runble
141,10,50,50,0,0,run
141,11,50,50,0,-1,runble
141,12,50,50,0,-1,runble
141,13,50,50,0,-1,runble
142,1,50,50,0,-1,sleep
142,2,50,50,0,-1,sleep
142,3,50,50,0,-1,sleep
142,4,50,50,0,-1,runble
142,5,50,50,0,-1,runble
142,6,50,50,0,-1,runble
142,7,50,50,0,-1,runble
142,8,50,50,0,-1,runble
142,10,50,50,0,0,run
142,11,50,50,0,-1,runble
142,12,50,50,0,-1,runble
142,13,50,50,0,-1,runble
143,1,50,50,0,-1,sleep
143,2,50,50,0,-1,sleep
143,3,50,50,0,-1,sleep
143,4,50,50,0,-1,runble
143,5,50,50,0,-1,runble
143,6,50,50,0,-1,runble
143,7,50,50,0,-1,runble
143,8,50,50,0,-1,runble
143,11,50,50,0,0,run
143,12,50,50,0,-1,runble
143,13,50,50,0,-1,runble
144,1,50,50,0,-1,sleep
144,2,50,50,0,-1,sleep
144,3,50,50,0,-1,sleep
144,4,50,50,0,-1,runble
144,5,50,50,0,-1,runble
144,6,50,50,0,-1,runble
144,7,50,50,0,-1,runble
144,8,50,50,0,-1,runble
144,11,50,50,0,0,run
144,12,50,50,0,-1,runble
144,13,50,50,0,-1,runble
145,1,50,50,0,-1,sleep
145,2,50,50,0,-1,sleep
145,3,50,50,0,-1,sleep
145,4,50,50,0,-1,runble
145,5,50,50,0,-1,runble
145,6,50,50,0,-1,runble
145,7,50,50,0,-1,runble
145,8,50,50,0,-1,runble
145,11,50,50,0,0,run
145,12,50,50,0,-1,runble
145,13,50,50,0,-1,runble
146,1,50,50,0,-1,sleep
146,2,50,50,0,-1,sleep
146,3,50,50,0,-1,sleep
146,4,50,50,0,-1,runble
146,5,50,50,0,-1,runble
146,6,50,50,0,-1,runble
146,7,50,50,0,-1,runble
146,8,50,50,0,-1,runble
146,11,50,50,0,0,run
146,12,50,50,0,-1,runble
146,13,50,50,0,-1,runble
147,1,50,50,0,-1,sleep
147,2,50,50,0,-1,sleep
147,3,50,50,0,-1,sleep
147,4,50,50,0,-1,runble
147,5,50,50,0,-1,runble
147,6,50,50,0,-1,runble
147,7,50,50,0,-1,runble
147,8,50,50,0,-1,runble
147,11,50,50,0,0,run
147,12,50,50,0,-1,runble
147,13,50,50,0,-1,runble
148,1,50,50,0,-1,sleep
148,2,50,50,0,-1,sleep
148,3,50,50,0,-1,sleep
148,4,50,50,0,-1,runble
148,5,50,50,0,-1,runble
148,6,50,50,0,-1,runble
148,7,50,50,0,-1,runble
148,8,50,50,0,-1,runble
148,11,50,50,0,0,run
148,12,50,50,0,-1,runble
148,13,50,50,0,-1,runble
149,1,50,50,0,-1,sleep
149,2,50,50,0,-1,sleep
149,3,50,50,0,-1,sleep
149,4,50,50,0,-1,runble
149,5,50,50,0,-1,runble
149,6,50,50,0,-1,runble
149,7,50,50,0,-1,runble
149,8,50,50,0,-1,runble
149,11,50,50,0,0,run
149,12,50,50,0,-1,runble
149,13,50,50,0,-1,runble
150,1,50,50,0,-1,sleep
150,2,50,50,0,-1,sleep
150,3,50,50,0,-1,sleep
150,4,50,50,0,-1,runble
150,5,50,50,0,-1,runble
150,6,50,50,0,-1,runble
150,7,50,50,0,-1,runble
150,8,50,50,0,-1,runble
150,11,50,50,0,0,run
150,12,50,50,0,-1,runble
150,13,50,50,0,-1,runble
151,1,50,50,0,-1,sleep
151,2,50,50,0,-1,sleep
151,3,50,50,0,-1,sleep
151,4,50,50,0,-1,runble
151,5,50,50,0,-1,runble
151,6,50,50,0,-1,runble
151,7,50,50,0,-1,runble
151,8,50,50,0,-1,runble
151,11,50,50,0,0,run
151,12,50,50,0,-1,runble
151,13,50,50,0,-1,runble
152,1,50,50,0,-1,sleep
152,2,50,50,0,-1,sleep
152,3,50,50,0,-1,sleep
152,4,50,50,0,-1,runble
152,5,50,50,0,-1,runble
152,6,50,50,0,-1,runble
152,7,50,50,0,-1,runble
152,8,50,50,0,-1,runble
152,11,50,50,0,0,run
152,12,50,50,0,-1,runble
152,13,50,50,0,-1,runble
153,1,50,50,0,-1,sleep
153,2,50,50,0,-1,sleep
153,3,50,50,0,-1,sleep
153,4,50,50,0,-1,runble
153,5,50,50,0,-1,runble
153,6,50,50,0,-1,runble
153,7,50,50,0,-1,runble
153,8,50,50,0,-1,runble
153,11,50,50,0,0,run
153,12,50,50,0,-1,runble
153,13,50,50,0,-1,runble
154,1,50,50,0,-1,sleep
154,2,50,50,0,-1,sleep
154,3,50,50,0,-1,sleep
154,4,50,50,0,-1,runble
154,5,50,50,0,-1,runble
154,6,50,50,0,-1,runble
154,7,50,50,0,-1,runble
154,8,50,50,0,-1,runble
154,11,50,50,0,0,run
154,12,50,50,0,-1,runble
154,13,50,50,0,-1,runble
155,1,50,50,0,-1,sleep
155,2,50,50,0,-1,sleep
155,3,50,50,0,-1,sleep
155,4,50,50,0,-1,runble
155,5,50,50,0,-1,runble
155,6,50,50,0,-1,runble
155,7,50,50,0,-1,runble
155,8,50,50,0,-1,runble
155,11,50,50,0,0,run
155,12,50,50,0,-1,runble
155,13,50,50,0,-1,runble
156,1,50,50,0,-1,sleep
156,2,50,50,0,-1,sleep
156,3,50,50,0,-1,sleep
156,4,50,50,0,-1,runble
156,5,50,50,0,-1,runble
156,6,50,50,0,-1,runble
156,7,50,50,0,-1,runble
156,8,50,50,0,-1,runble
156,11,50,50,0,0,run
156,12,50,50,0,-1,runble
156,13,50,50,0,-1,runble
157,1,50,50,0,-1,sleep
157,2,50,50,0,-1,sleep
157,3,50,50,0,-1,sleep
157,4,50,50,0,-1,runble
157,5,50,50,0,-1,runble
157,6,50,50,0,-1,runble
157,7,50,50,0,-1,runble
157,8,50,50,0,-1,runble
157,11,50,50,0,0,run
157,12,50,50,0,-1,runble
157,13,50,50,0,-1,runble
158,1,50,50,0,-1,sleep
158,2,50,50,0,-1,sleep
158,3,50,50,0,-1,sleep
158,4,50,50,0,-1,runble
158,5,50,50,0,-1,runble
158,6,50,50,0,-1,runble
158,7,50,50,0,-1,runble
158,8,50,50,0,-1,runble
158,11,50,50,0,0,run
158,12,50,50,0,-1,runble
158,13,50,50,0,-1,runble
159,1,50,50,0,-1,sleep
159,2,50,50,0,-1,sleep
159,3,50,50,0,-1,sleep
159,4,50,50,0,-1,runble
159,5,50,50,0,-1,runble
159,6,50,50,0,-1,runble
159,7,50,50,0,-1,runble
159,8,50,50,0,-1,runble
159,11,50,50,0,0,run
159,12,50,50,0,-1,runble
159,13,50,50,0,-1,runble
160,1,50,50,0,-1,sleep
160,2,50,50,0,-1,sleep
160,3,50,50,0,-1,sleep
160,4,50,50,0,-1,runble
160,5,50,50,0,-1,runble
160,6,50,50,0,-1,runble
160,7,50,50,0,-1,runble
160,8,50,50,0,-1,runble
160,11,50,50,0,0,run
160,12,50,50,0,-1,runble
160,13,50,50,0,-1,runble
161,1,50,50,0,-1,sleep
161,2,50,50,0,-1,sleep
161,3,50,50,0,-1,sleep
161,4,50,50,0,-1,runble
161,5,50,50,0,-1,runble
161,6,50,50,0,-1,runble
161,7,50,50,0,-1,runble
161,8,50,50,0,-1,runble
161,11,50,50,0,0,run
161,12,50,50,0,-1,runble
161,13,50,50,0,-1,runble
162,1,50,50,0,-1,sleep
162,2,50,50,0,-1,sleep
162,3,50,50,0,-1,sleep
162,4,50,50,0,-1,runble
162,5,50,50,0,-1,runble
162,6,50,50,0,-1,runble
162,7,50,50,0,-1,runble
162,8,50,50,0,-1,runble
162,11,50,50,0,0,run
162,12,50,50,0,-1,runble
162,13,50,50,0,-1,runble
163,1,50,50,0,-1,sleep
163,2,50,50,0,-1,sleep
163,3,50,50,0,-1,sleep
163,4,50,50,0,-1,runble
163,5,50,50,0,-1,runble
163,6,50,50,0,-1,runble
163,7,50,50,0,-1,runble
163,8,50,50,0,-1,runble
163,11,50,50,0,0,run
163,12,50,50,0,-1,runble
163,13,50,50,0,-1,runble
164,1,50,50,0,-1,sleep
164,2,50,50,0,-1,sleep
164,3,50,50,0,-1,sleep
164,4,50,50,0,-1,runble
164,5,50,50,0,-1,runble
164,6,50,50,0,-1,runble
164,7,50,50,0,-1,runble
164,8,50,50,0,-1,runble
164,11,50,50,0,0,run
164,12,50,50,0,-1,runble
164,13,50,50,0,-1,runble
165,1,50,50,0,-1,sleep
165,2,50,50,0,-1,sleep
165,3,50,50,0,-1,sleep
165,4,50,50,0,-1,runble
165,5,50,50,0,-1,runble
165,6,50,50,0,-1,runble
165,7,50,50,0,-1,runble
165,8,50,50,0,-1,runble
165,11,50,50,0,0,run
165,12,50,50,0,-1,runble
165,13,50,50,0,-1,runble
166,1,50,50,0,-1,sleep
166,2,50,50,0,-1,sleep
166,3,50,50,0,-1,sleep
166,4,50,50,0,-1,runble
166,5,50,50,0,-1,runble
166,6,50,50,0,-1,runble
166,7,50,50,0,-1,runble
166,8,50,50,0,-1,runble
166,11,50,50,0,0,run
166,12,50,50,0,-1,runble
166,13,50,50,0,-1,runble
167,1,50,50,0,-1,sleep
167,2,50,50,0,-1,sleep
167,3,50,50,0,-1,sleep
167,4,50,50,0,-1,runble
167,5,50,50,0,-1,runble
167,6,50,50,0,-1,runble
167,7,50,50,0,-1,runble
167,8,50,50,0,-1,runble
167,11,50,50,0,0,run
167,12,50,50,0,-1,runble
167,13,50,50,0,-1,runble
168,1,50,50,0,-1,sleep
168,2,50,50,0,-1,sleep
168,3,50,50,0,-1,sleep
168,4,50,50,0,-1,runble
168,5,50,50,0,-1,runble
168,6,50,50,0,-1,runble
168,7,50,50,0,-1,runble
168,8,50,50,0,-1,runble
168,11,50,50,0,0,run
168,12,50,50,0,-1,runble
168,13,50,50,0,-1,runble
169,1,50,50,0,-1,sleep
169,2,50,50,0,-1,sleep
169,3,50,50,0,-1,sleep
169,4,50,50,0,-1,runble
169,5,50,50,0,-1,runble
169,6,50,50,0,-1,runble
169,7,50,50,0,-1,runble
169,8,50,50,0,-1,runble
169,12,50,50,0,0,run
169,13,50,50,0,-1,runble
170,1,50,50,0,-1,sleep
170,2,50,50,0,-1,sleep
170,3,50,50,0,-1,sleep
170,4,50,50,0,-1,runble
170,5,50,50,0,-1,runble
170,6,50,50,0,-1,runble
170,7,50,50,0,-1,runble
170,8,50,50,0,-1,runble
170,12,50,50,0,0,run
170,13,50,50,0,-1,runble
171,1,50,50,0,-1,sleep
171,2,50,50,0,-1,sleep
171,3,50,50,0,-1,sleep
171,4,50,50,0,-1,runble
171,5,50,50,0,-1,runble
171,6,50,50,0,-1,runble
171,7,50,50,0,-1,runble
171,8,50,50,0,-1,runble
171,12,50,50,0,0,run
171,13,50,50,0,-1,runble
172,1,50,50,0,-1,sleep
172,2,50,50,0,-1,sleep
172,3,50,50,0,-1,sleep
172,4,50,50,0,-1,runble
172,5,50,50,0,-1,runble
172,6,50,50,0,-1,runble
172,7,50,50,0,-1,runble
172,8,50,50,0,-1,runble
172,12,50,50,0,0,run
172,13,50,50,0,-1,runble
173,1,50,50,0,-1,sleep
173,2,50,50,0,-1,sleep
173,3,50,50,0,-1,sleep
173,4,50,50,0,-1,runble
173,5,50,50,0,-1,runble
173,6,50,50,0,-1,runble
173,7,50,50,0,-1,runble
173,8,50,50,0,-1,runble
173,12,50,50,0,0,run
173,13,50,50,0,-1,runble
174,1,50,50,0,-1,sleep
174,2,50,50,0,-1,sleep
174,3,50,50,0,-1,sleep
174,4,50,50,0,-1,runble
174,5,50,50,0,-1,runble
174,6,50,50,0,-1,runble
174,7,50,50,0,-1,runble
174,8,50,50,0,-1,runble
174,12,50,50,0,0,run
174,13,50,50,0,-1,runble
175,1,50,50,0,-1,sleep
175,2,50,50,0,-1,sleep
175,3,50,50,0,-1,sleep
175,4,50,50,0,-1,runble
175,5,50,50,0,-1,runble
175,6,50,50,0,-1,runble
175,7,50,50,0,-1,runble
175,8,50,50,0,-1,runble
175,12,50,50,0,0,run
175,13,50,50,0,-1,runble
176,1,50,50,0,-1,sleep
176,2,50,50,0,-1,sleep
176,3,50,50,0,-1,sleep
176,4,50,50,0,-1,runble
176,5,50,50,0,-1,runble
176,6,50,50,0,-1,runble
176,7,50,50,0,-1,runble
176,8,50,50,0,-1,runble
176,12,50,50,0,0,run
176,13,50,50,0,-1,runble
177,1,50,50,0,-1,sleep
177,2,50,50,0,-1,sleep
177,3,50,50,0,-1,sleep
177,4,50,50,0,-1,runble
177,5,50,50,0,-1,runble
177,6,50,50,0,-1,runble
177,7,50,50,0,-1,runble
177,8,50,50,0,-1,runble
177,12,50,50,0,0,run
177,13,50,50,0,-1,runble
178,1,50,50,0,-1,sleep
178,2,50,50,0,-1,sleep
178,3,50,50,0,-1,sleep
178,4,50,50,0,-1,runble
178,5,50,50,0,-1,runble
178,6,50,50,0,-1,runble
178,7,50,50,0,-1,runble
178,8,50,50,0,-1,runble
178,12,50,50,0,0,run
178,13,50,50,0,-1,runble
179,1,50,50,0,-1,sleep
179,2,50,50,0,-1,sleep
179,3,50,50,0,-1,sleep
179,4,50,50,0,-1,runble
179,5,50,50,0,-1,runble
179,6,50,50,0,-1,runble
179,7,50,50,0,-1,runble
179,8,50,50,0,-1,runble
179,12,50,50,0,0,run
179,13,50,50,0,-1,runble
180,1,50,50,0,-1,sleep
180,2,50,50,0,-1,sleep
180,3,50,50,0,-1,sleep
180,4,50,50,0,-1,runble
180,5,50,50,0,-1,runble
180,6,50,50,0,-1,runble
180,7,50,50,0,-1,runble
180,8,50,50,0,-1,runble
180,12,50,50,0,0,run
180,13,50,50,0,-1,runble
181,1,50,50,0,-1,sleep
181,2,50,50,0,-1,sleep
181,3,50,50,0,-1,sleep
181,4,50,50,0,-1,runble
181,5,50,50,0,-1,runble
181,6,50,50,0,-1,runble
181,7,50,50,0,-1,runble
181,8,50,50,0,-1,runble
181,12,50,50,0,0,run
181,13,50,50,0,-1,runble
182,1,50,50,0,-1,sleep
182,2,50,50,0,-1,sleep
182,3,50,50,0,-1,sleep
182,4,50,50,0,-1,runble
182,5,50,50,0,-1,runble
182,6,50,50,0,-1,runble
182,7,50,50,0,-1,runble
182,8,50,50,0,-1,runble
182,12,50,50,0,0,run
182,13,50,50,0,-1,runble
183,1,50,50,0,-1,sleep
183,2,50,50,0,-1,sleep
183,3,50,50,0,-1,sleep
183,4,50,50,0,-1,runble
183,5,50,50,0,-1,runble
183,6,50,50,0,-1,runble
183,7,50,50,0,-1,runble
183,8,50,50,0,-1,runble
183,12,50,50,0,0,run
183,13,50,50,0,-1,runble
184,1,50,50,0,-1,sleep
184,2,50,50,0,-1,sleep
184,3,50,50,0,-1,sleep
184,4,50,50,0,-1,runble
184,5,50,50,0,-1,runble
184,6,50,50,0,-1,runble
184,7,50,50,0,-1,runble
184,8,50,50,0,-1,runble
184,12,50,50,0,0,run
184,13,50,50,0,-1,runble
185,1,50,50,0,-1,sleep
185,2,50,50,0,-1,sleep
185,3,50,50,0,-1,sleep
185,4,50,50,0,-1,runble
185,5,50,50,0,-1,runble
185,6,50,50,0,-1,runble
185,7,50,50,0,-1,runble
185,8,50,50,0,-1,runble
185,12,50,50,0,0,run
185,13,50,50,0,-1,runble
186,1,50,50,0,-1,sleep
186,2,50,50,0,-1,sleep
186,3,50,50,0,-1,sleep
186,4,50,50,0,-1,runble
186,5,50,50,0,-1,runble
186,6,50,50,0,-1,runble
186,7,50,50,0,-1,runble
186,8,50,50,0,-1,runble
186,12,50,50,0,0,run
186,13,50,50,0,-1,runble
187,1,50,50,0,-1,sleep
187,2,50,50,0,-1,sleep
187,3,50,50,0,-1,sleep
187,4,50,50,0,-1,runble
187,5,50,50,0,-1,runble
187,6,50,50,0,-1,runble
187,7,50,50,0,-1,runble
187,8,50,50,0,-1,runble
187,12,50,50,0,0,run
187,13,50,50,0,-1,runble
188,1,50,50,0,-1,sleep
188,2,50,50,0,-1,sleep
188,3,50,50,0,-1,sleep
188,4,50,50,0,-1,runble
188,5,50,50,0,-1,runble
188,6,50,50,0,-1,runble
188,7,50,50,0,-1,runble
188,8,50,50,0,-1,runble
188,12,50,50,0,0,run
188,13,50,50,0,-1,runble
189,1,50,50,0,-1,sleep
189,2,50,50,0,-1,sleep
189,3,50,50,0,-1,sleep
189,4,50,50,0,-1,runble
189,5,50,50,0,-1,runble
189,6,50,50,0,-1,runble
189,7,50,50,0,-1,runble
189,8,50,50,0,-1,runble
189,12,50,50,0,0,run
189,13,50,50,0,-1,runble
190,1,50,50,0,-1,sleep
190,2,50,50,0,-1,sleep
190,3,50,50,0,-1,sleep
190,4,50,50,0,-1,runble
190,5,50,50,0,-1,runble
190,6,50,50,0,-1,runble
190,7,50,50,0,-1,runble
190,8,50,50,0,-1,runble
190,12,50,50,0,0,run
190,13,50,50,0,-1,runble
191,1,50,50,0,-1,sleep
191,2,50,50,0,-1,sleep
191,3,50,50,0,-1,sleep
191,4,50,50,0,-1,runble
191,5,50,50,0,-1,runble
191,6,50,50,0,-1,runble
191,7,50,50,0,-1,runble
191,8,50,50,0,-1,runble
191,12,50,50,0,0,run
191,13,50,50,0,-1,runble
192,1,50,50,0,-1,sleep
192,2,50,50,0,-1,sleep
192,3,50,50,0,-1,sleep
192,4,50,50,0,-1,runble
192,5,50,50,0,-1,runble
192,6,50,50,0,-1,runble
192,7,50,50,0,-1,runble
192,8,50,50,0,-1,runble
192,12,50,50,0,0,run
192,13,50,50,0,-1,runble
193,1,50,50,0,-1,sleep
193,2,50,50,0,-1,sleep
193,3,50,50,0,-1,sleep
193,4,50,50,0,-1,runble
193,5,50,50,0,-1,runble
193,6,50,50,0,-1,runble
193,7,50,50,0,-1,runble
193,8,50,50,0,-1,runble
193,12,50,50,0,0,run
193,13,50,50,0,-1,runble
194,1,50,50,0,-1,sleep
194,2,50,50,0,-1,sleep
194,3,50,50,0,-1,sleep
194,4,50,50,0,-1,runble
194,5,50,50,0,-1,runble
194,6,50,50,0,-1,runble
194,7,50,50,0,-1,runble
194,8,50,50,0,-1,runble
194,13,50,50,0,0,run
195,1,50,50,0,-1,sleep
195,2,50,50,0,-1,sleep
195,3,50,50,0,-1,sleep
195,4,50,50,0,-1,runble
195,5,50,50,0,-1,runble
195,6,50,50,0,-1,runble
195,7,50,50,0,-1,runble
195,8,50,50,0,-1,runble
195,13,50,50,0,0,run
196,1,50,50,0,-1,sleep
196,2,50,50,0,-1,sleep
196,3,50,50,0,-1,sleep
196,4,50,50,0,-1,runble
196,5,50,50,0,-1,runble
196,6,50,50,0,-1,runble
196,7,50,50,0,-1,runble
196,8,50,50,0,-1,runble
196,13,50,50,0,0,run
197,1,50,50,0,-1,sleep
197,2,50,50,0,-1,sleep
197,3,50,50,0,-1,sleep
197,4,50,50,0,-1,runble
197,5,50,50,0,-1,runble
197,6,50,50,0,-1,runble
197,7,50,50,0,-1,runble
197,8,50,50,0,-1,runble
197,13,50,50,0,0,run
198,1,50,50,0,-1,sleep
198,2,50,50,0,-1,sleep
198,3,50,50,0,-1,sleep
198,4,50,50,0,-1,runble
198,5,50,50,0,-1,runble
198,6,50,50,0,-1,runble
198,7,50,50,0,-1,runble
198,8,50,50,0,-1,runble
198,13,50,50,0,0,run
199,1,50,50,0,-1,sleep
199,2,50,50,0,-1,sleep
199,3,50,50,0,-1,sleep
199,4,50,50,0,-1,runble
199,5,50,50,0,-1,runble
199,6,50,50,0,-1,runble
199,7,50,50,0,-1,runble
199,8,50,50,0,-1,runble
199,13,50,50,0,0,run
200,1,50,50,0,-1,sleep
200,2,50,50,0,-1,sleep
200,3,50,50,0,-1,sleep
200,4,50,50,0,-1,runble
200,5,50,50,0,-1,runble
200,6,50,50,0,-1,runble
200,7,50,50,0,-1,runble
200,8,50,50,0,-1,runble
200,13,50,50,0,0,run
201,1,50,50,0,-1,sleep
201,2,50,50,0,-1,sleep
201,3,50,50,0,-1,sleep
201,4,50,50,0,-1,runble
201,5,50,50,0,-1,runble
201,6,50,50,0,-1,runble
201,7,50,50,0,-1,runble
201,8,50,50,0,-1,runble
201,13,50,50,0,0,run
202,1,50,50,0,-1,sleep
202,2,50,50,0,-1,sleep
202,3,50,50,0,-1,sleep
202,4,50,50,0,-1,runble
202,5,50,50,0,-1,runble
202,6,50,50,0,-1,runble
202,7,50,50,0,-1,runble
202,8,50,50,0,-1,runble
202,13,50,50,0,0,run
203,1,50,50,0,-1,sleep
203,2,50,50,0,-1,sleep
203,3,50,50,0,-1,sleep
203,4,50,50,0,-1,runble
203,5,50,50,0,-1,runble
203,6,50,50,0,-1,runble
203,7,50,50,0,-1,runble
203,8,50,50,0,-1,runble
203,13,50,50,0,0,run
204,1,50,50,0,-1,sleep
204,2,50,50,0,-1,sleep
204,3,50,50,0,-1,sleep
204,4,50,50,0,-1,runble
204,5,50,50,0,-1,runble
204,6,50,50,0,-1,runble
204,7,50,50,0,-1,runble
204,8,50,50,0,-1,runble
204,13,50,50,0,0,run
205,1,50,50,0,-1,sleep
205,2,50,50,0,-1,sleep
205,3,50,50,0,-1,sleep
205,4,50,50,0,-1,runble
205,5,50,50,0,-1,runble
205,6,50,50,0,-1,runble
205,7,50,50,0,-1,runble
205,8,50,50,0,-1,runble
205,13,50,50,0,0,run
206,1,50,50,0,-1,sleep
206,2,50,50,0,-1,sleep
206,3,50,50,0,-1,sleep
206,4,50,50,0,-1,runble
206,5,50,50,0,-1,runble
206,6,50,50,0,-1,runble
206,7,50,50,0,-1,runble
206,8,50,50,0,-1,runble
206,13,50,50,0,0,run
207,1,50,50,0,-1,sleep
207,2,50,50,0,-1,sleep
207,3,50,50,0,-1,sleep
207,4,50,50,0,-1,runble
207,5,50,50,0,-1,runble
207,6,50,50,0,-1,runble
207,7,50,50,0,-1,runble
207,8,50,50,0,-1,runble
207,13,50,50,0,0,run
208,1,50,50,0,-1,sleep
208,2,50,50,0,-1,sleep
208,3,50,50,0,-1,sleep
208,4,50,50,0,-1,runble
208,5,50,50,0,-1,runble
208,6,50,50,0,-1,runble
208,7,50,50,0,-1,runble
208,8,50,50,0,-1,runble
208,13,50,50,0,0,run
209,1,50,50,0,-1,sleep
209,2,50,50,0,-1,sleep
209,3,50,50,0,-1,sleep
209,4,50,50,0,-1,runble
209,5,50,50,0,-1,runble
209,6,50,50,0,-1,runble
209,7,50,50,0,-1,runble
209,8,50,50,0,-1,runble
209,13,50,50,0,0,run
210,1,50,50,0,-1,sleep
210,2,50,50,0,-1,sleep
210,3,50,50,0,-1,sleep
210,4,50,50,0,-1,runble
210,5,50,50,0,-1,runble
210,6,50,50,0,-1,runble
210,7,50,50,0,-1,runble
210,8,50,50,0,-1,runble
210,13,50,50,0,0,run
211,1,50,50,0,-1,sleep
211,2,50,50,0,-1,sleep
211,3,50,50,0,-1,sleep
211,4,50,50,0,-1,runble
211,5,50,50,0,-1,runble
211,6,50,50,0,-1,runble
211,7,50,50,0,-1,runble
211,8,50,50,0,-1,runble
211,13,50,50,0,0,run
212,1,50,50,0,-1,sleep
212,2,50,50,0,-1,sleep
212,3,50,50,0,-1,sleep
212,4,50,50,0,-1,runble
212,5,50,50,0,-1,runble
212,6,50,50,0,-1,runble
212,7,50,50,0,-1,runble
212,8,50,50,0,-1,runble
212,13,50,50,0,0,run
213,1,50,50,0,-1,sleep
213,2,50,50,0,-1,sleep
213,3,50,50,0,-1,sleep
213,4,50,50,0,-1,runble
213,5,50,50,0,-1,runble
213,6,50,50,0,-1,runble
213,7,50,50,0,-1,runble
213,8,50,50,0,-1,runble
213,13,50,50,0,0,run
214,1,50,50,0,-1,sleep
214,2,50,50,0,-1,sleep
214,3,50,50,0,-1,sleep
214,4,50,50,0,-1,runble
214,5,50,50,0,-1,runble
214,6,50,50,0,-1,runble
214,7,50,50,0,-1,runble
214,8,50,50,0,-1,runble
214,13,50,50,0,0,run
215,1,50,50,0,-1,sleep
215,2,50,50,0,-1,sleep
215,3,50,50,0,-1,sleep
215,4,50,50,0,-1,runble
215,5,50,50,0,-1,runble
215,6,50,50,0,-1,runble
215,7,50,50,0,-1,runble
215,8,50,50,0,-1,runble
215,13,50,50,0,0,run
216,1,50,50,0,-1,sleep
216,2,50,50,0,-1,sleep
216,3,50,50,0,-1,sleep
216,4,50,50,0,-1,runble
216,5,50,50,0,-1,runble
216,6,50,50,0,-1,runble
216,7,50,50,0,-1,runble
216,8,50,50,0,-1,runble
216,13,50,50,0,0,run
217,1,50,50,0,-1,sleep
217,2,50,50,0,-1,sleep
217,3,50,50,0,-1,sleep
217,4,50,50,0,-1,runble
217,5,50,50,0,-1,runble
217,6,50,50,0,-1,runble
217,7,50,50,0,-1,runble
217,8,50,50,0,-1,runble
217,13,50,50,0,0,run
218,1,50,50,0,-1,sleep
218,2,50,50,0,-1,sleep
218,3,50,50,0,-1,sleep
218,4,50,50,0,-1,runble
218,5,50,50,0,-1,runble
218,6,50,50,0,-1,runble
218,7,50,50,0,-1,runble
218,8,50,50,0,-1,runble
218,13,50,50,0,0,run
219,1,50,50,0,-1,sleep
219,2,50,50,0,-1,sleep
219,3,50,50,0,-1,sleep
219,4,50,50,0,-1,runble
219,5,50,50,0,-1,runble
219,6,50,50,0,-1,runble
219,7,50,50,0,-1,runble
219,8,50,50,0,-1,runble
219,13,50,50,0,0,run
