[0, 1, 50, 50, 0, -1, 'sleep']
[0, 2, 45, 45, 0, -1, 'sleep']
[0, 3, 40, 40, 0, -1, 'sleep']
[0, 4, 35, 35, 0, -1, 'sleep']
[0, 5, 30, 30, 0, -1, 'sleep']
[0, 6, 50, 100, 75, 0, 'run']
[0, 7, 55, 100, 75, 1, 'run']
[0, 8, 60, 60, 0, -1, 'runble']
[0, 9, 65, 65, 0, -1, 'runble']
[0, 10, 70, 70, 0, -1, 'runble']
[0, 1, 50, 50, 0, -1, 'runble']
[0, 2, 45, 45, 0, -1, 'runble']
[0, 3, 40, 40, 0, -1, 'runble']
[0, 4, 35, 35, 0, -1, 'runble']
[0, 5, 30, 30, 0, -1, 'runble']
[0, 6, 50, 100, 75, 0, 'run']
[0, 7, 55, 100, 75, -1, 'runble']
[0, 8, 60, 60, 0, 1, 'run']
[0, 9, 65, 65, 0, -1, 'runble']
[0, 10, 70, 70, 0, -1, 'runble']

[1, 1, 50, 50, 0, -1, 'sleep']
[1, 2, 45, 45, 0, -1, 'sleep']
[1, 3, 40, 40, 0, -1, 'sleep']
[1, 4, 35, 35, 0, -1, 'sleep']
[1, 5, 30, 30, 0, -1, 'sleep']
[1, 6, 50, 83, 33, -1, 'runble']
[1, 7, 55, 88, 33, -1, 'runble']
[1, 8, 60, 93, 33, 1, 'run']
[1, 9, 65, 98, 33, 0, 'run']
[1, 10, 70, 70, 0, -1, 'runble']
[1, 1, 50, 50, 0, -1, 'runble']
[1, 2, 45, 45, 0, -1, 'runble']
[1, 3, 40, 40, 0, -1, 'runble']
[1, 4, 35, 35, 0, -1, 'runble']
[1, 5, 30, 30, 0, -1, 'runble']
[1, 6, 50, 83, 33, -1, 'runble']
[1, 7, 55, 88, 33, -1, 'runble']
[1, 8, 60, 93, 33, -1, 'runble']
[1, 9, 65, 98, 33, 0, 'run']
[1, 10, 70, 70, 0, 1, 'run']

[2, 1, 50, 50, 0, -1, 'sleep']
[2, 2, 45, 45, 0, -1, 'sleep']
[2, 3, 40, 40, 0, -1, 'sleep']
[2, 4, 35, 35, 0, -1, 'sleep']
[2, 5, 30, 30, 0, -1, 'sleep']
[2, 6, 50, 83, 33, 0, 'run']
[2, 7, 55, 67, 12, -1, 'runble']
[2, 8, 60, 72, 12, -1, 'runble']
[2, 9, 65, 77, 12, -1, 'runble']
[2, 10, 70, 82, 12, 1, 'run']
[2, 1, 50, 50, 0, -1, 'runble']
[2, 2, 45, 45, 0, -1, 'runble']
[2, 3, 40, 40, 0, -1, 'runble']
[2, 4, 35, 35, 0, -1, 'runble']
[2, 5, 30, 30, 0, -1, 'runble']
[2, 6, 50, 83, 33, 0, 'run']
[2, 7, 55, 67, 12, 1, 'run']
[2, 8, 60, 72, 12, -1, 'runble']
[2, 9, 65, 77, 12, -1, 'runble']
[2, 10, 70, 82, 12, -1, 'runble']

[3, 1, 50, 50, 0, -1, 'sleep']
[3, 2, 45, 45, 0, -1, 'sleep']
[3, 3, 40, 40, 0, -1, 'sleep']
[3, 4, 35, 35, 0, -1, 'sleep']
[3, 5, 30, 30, 0, -1, 'sleep']
[3, 6, 50, 83, 33, -1, 'runble']
[3, 7, 55, 67, 12, 1, 'run']
[3, 8, 60, 72, 12, 0, 'run']
[3, 9, 65, 65, 0, -1, 'runble']
[3, 10, 70, 70, 0, -1, 'runble']
[3, 1, 50, 50, 0, -1, 'runble']
[3, 2, 45, 45, 0, -1, 'runble']
[3, 3, 40, 40, 0, -1, 'runble']
[3, 4, 35, 35, 0, -1, 'runble']
[3, 5, 30, 30, 0, -1, 'runble']
[3, 6, 50, 62, 12, 1, 'run']
[3, 7, 55, 67, 12, -1, 'runble']
[3, 8, 60, 72, 12, 0, 'run']
[3, 9, 65, 65, 0, -1, 'runble']
[3, 10, 70, 70, 0, -1, 'runble']

[4, 1, 50, 50, 0, -1, 'sleep']
[4, 2, 45, 45, 0, -1, 'sleep']
[4, 3, 40, 40, 0, -1, 'sleep']
[4, 4, 35, 35, 0, -1, 'sleep']
[4, 5, 30, 30, 0, -1, 'sleep']
[4, 6, 50, 62, 12, 1, 'run']
[4, 7, 55, 55, 0, -1, 'runble']
[4, 8, 60, 60, 0, -1, 'runble']
[4, 9, 65, 65, 0, 0, 'run']
[4, 10, 70, 70, 0, -1, 'runble']
[4, 1, 50, 50, 0, -1, 'runble']
[4, 2, 45, 45, 0, -1, 'runble']
[4, 3, 40, 40, 0, -1, 'runble']
[4, 4, 35, 35, 0, -1, 'runble']
[4, 5, 30, 30, 0, -1, 'runble']
[4, 6, 50, 62, 12, -1, 'runble']
[4, 7, 55, 55, 0, 1, 'run']
[4, 8, 60, 60, 0, -1, 'runble']
[4, 9, 65, 65, 0, 0, 'run']
[4, 10, 70, 70, 0, -1, 'runble']

[5, 1, 50, 50, 0, -1, 'sleep']
[5, 2, 45, 45, 0, -1, 'sleep']
[5, 3, 40, 40, 0, -1, 'sleep']
[5, 4, 35, 35, 0, -1, 'sleep']
[5, 5, 30, 30, 0, -1, 'sleep']
[5, 6, 50, 50, 0, -1, 'runble']
[5, 7, 55, 55, 0, 1, 'run']
[5, 8, 60, 60, 0, 0, 'run']
[5, 9, 65, 65, 0, -1, 'runble']
[5, 10, 70, 70, 0, -1, 'runble']
[5, 1, 50, 50, 0, -1, 'runble']
[5, 2, 45, 45, 0, -1, 'runble']
[5, 3, 40, 40, 0, -1, 'runble']
[5, 4, 35, 35, 0, -1, 'runble']
[5, 5, 30, 30, 0, -1, 'runble']
[5, 6, 50, 50, 0, 1, 'run']
[5, 7, 55, 55, 0, -1, 'runble']
[5, 8, 60, 60, 0, 0, 'run']
[5, 9, 65, 65, 0, -1, 'runble']
[5, 10, 70, 70, 0, -1, 'runble']

[6, 1, 50, 50, 0, -1, 'sleep']
[6, 2, 45, 45, 0, -1, 'sleep']
[6, 3, 40, 40, 0, -1, 'sleep']
[6, 4, 35, 35, 0, -1, 'sleep']
[6, 5, 30, 30, 0, -1, 'sleep']
[6, 6, 50, 50, 0, 1, 'run']
[6, 7, 55, 55, 0, 0, 'run']
[6, 8, 60, 60, 0, -1, 'runble']
[6, 9, 65, 65, 0, -1, 'runble']
[6, 10, 70, 70, 0, -1, 'runble']
[6, 1, 50, 50, 0, -1, 'runble']
[6, 2, 45, 45, 0, -1, 'runble']
[6, 3, 40, 40, 0, -1, 'runble']
[6, 4, 35, 35, 0, -1, 'runble']
[6, 5, 30, 30, 0, -1, 'runble']
[6, 6, 50, 50, 0, 1, 'run']
[6, 7, 55, 55, 0, 0, 'run']
[6, 8, 60, 60, 0, -1, 'runble']
[6, 9, 65, 65, 0, -1, 'runble']
[6, 10, 70, 70, 0, -1, 'runble']

[7, 1, 50, 50, 0, -1, 'sleep']
[7, 2, 45, 45, 0, -1, 'sleep']
[7, 3, 40, 40, 0, -1, 'sleep']
[7, 4, 35, 35, 0, -1, 'sleep']
[7, 5, 30, 30, 0, -1, 'sleep']
[7, 6, 50, 50, 0, 1, 'run']
[7, 7, 55, 55, 0, 0, 'run']
[7, 8, 60, 60, 0, -1, 'runble']
[7, 9, 65, 65, 0, -1, 'runble']
[7, 10, 70, 70, 0, -1, 'runble']
[7, 1, 50, 50, 0, -1, 'runble']
[7, 2, 45, 45, 0, -1, 'runble']
[7, 3, 40, 40, 0, -1, 'runble']
[7, 4, 35, 35, 0, -1, 'runble']
[7, 5, 30, 30, 0, -1, 'runble']
[7, 6, 50, 50, 0, 1, 'run']
[7, 7, 55, 55, 0, 0, 'run']
[7, 8, 60, 60, 0, -1, 'runble']
[7, 9, 65, 65, 0, -1, 'runble']
[7, 10, 70, 70, 0, -1, 'runble']

[8, 1, 50, 50, 0, -1, 'sleep']
[8, 2, 45, 45, 0, -1, 'sleep']
[8, 3, 40, 40, 0, -1, 'sleep']
[8, 4, 35, 35, 0, -1, 'sleep']
[8, 5, 30, 30, 0, -1, 'sleep']
[8, 6, 50, 50, 0, 1, 'run']
[8, 7, 55, 55, 0, 0, 'run']
[8, 8, 60, 60, 0, -1, 'runble']
[8, 9, 65, 65, 0, -1, 'runble']
[8, 10, 70, 70, 0, -1, 'runble']
[8, 1, 50, 50, 0, -1, 'runble']
[8, 2, 45, 45, 0, -1, 'runble']
[8, 3, 40, 40, 0, -1, 'runble']
[8, 4, 35, 35, 0, -1, 'runble']
[8, 5, 30, 30, 0, -1, 'runble']
[8, 6, 50, 50, 0, 1, 'run']
[8, 7, 55, 55, 0, 0, 'run']
[8, 8, 60, 60, 0, -1, 'runble']
[8, 9, 65, 65, 0, -1, 'runble']
[8, 10, 70, 70, 0, -1, 'runble']

[9, 1, 50, 50, 0, -1, 'sleep']
[9, 2, 45, 45, 0, -1, 'sleep']
[9, 3, 40, 40, 0, -1, 'sleep']
[9, 4, 35, 35, 0, -1, 'sleep']
[9, 5, 30, 30, 0, -1, 'sleep']
[9, 6, 50, 50, 0, 1, 'run']
[9, 7, 55, 55, 0, 0, 'run']
[9, 8, 60, 60, 0, -1, 'runble']
[9, 9, 65, 65, 0, -1, 'runble']
[9, 10, 70, 70, 0, -1, 'runble']
[9, 1, 50, 50, 0, -1, 'runble']
[9, 2, 45, 45, 0, -1, 'runble']
[9, 3, 40, 40, 0, -1, 'runble']
[9, 4, 35, 35, 0, -1, 'runble']
[9, 5, 30, 30, 0, -1, 'runble']
[9, 6, 50, 50, 0, 1, 'run']
[9, 7, 55, 55, 0, 0, 'run']
[9, 8, 60, 60, 0, -1, 'runble']
[9, 9, 65, 65, 0, -1, 'runble']
[9, 10, 70, 70, 0, -1, 'runble']
[9, 1, 50, 50, 0, -1, 'sleep']
[9, 2, 45, 45, 0, -1, 'sleep']
[9, 3, 40, 40, 0, -1, 'sleep']

[10, 4, 35, 35, 0, -1, 'sleep']
[10, 5, 30, 30, 0, -1, 'sleep']
[10, 6, 50, 50, 0, 1, 'run']
[10, 7, 55, 55, 0, 0, 'run']
[10, 8, 60, 60, 0, -1, 'runble']
[10, 9, 65, 65, 0, -1, 'runble']
[10, 10, 70, 70, 0, -1, 'runble']
[10, 1, 50, 50, 0, -1, 'runble']
[10, 2, 45, 45, 0, -1, 'runble']
[10, 3, 40, 40, 0, -1, 'runble']
[10, 4, 35, 35, 0, -1, 'runble']
[10, 5, 30, 30, 0, -1, 'runble']
[10, 6, 50, 50, 0, 1, 'run']
[10, 7, 55, 55, 0, 0, 'run']
[10, 8, 60, 60, 0, -1, 'runble']
[10, 9, 65, 65, 0, -1, 'runble']
[10, 10, 70, 70, 0, -1, 'runble']

[11, 1, 50, 50, 0, -1, 'sleep']
[11, 2, 45, 45, 0, -1, 'sleep']
[11, 3, 40, 40, 0, -1, 'sleep']
[11, 4, 35, 35, 0, -1, 'sleep']
[11, 5, 30, 30, 0, -1, 'sleep']
[11, 6, 50, 50, 0, 1, 'run']
[11, 7, 55, 55, 0, 0, 'run']
[11, 8, 60, 60, 0, -1, 'runble']
[11, 9, 65, 65, 0, -1, 'runble']
[11, 10, 70, 70, 0, -1, 'runble']
[11, 1, 50, 50, 0, -1, 'runble']
[11, 2, 45, 45, 0, -1, 'runble']
[11, 3, 40, 40, 0, -1, 'runble']
[11, 4, 35, 35, 0, -1, 'runble']
[11, 5, 30, 30, 0, -1, 'runble']
[11, 6, 50, 50, 0, 1, 'run']
[11, 7, 55, 55, 0, 0, 'run']
[11, 8, 60, 60, 0, -1, 'runble']
[11, 9, 65, 65, 0, -1, 'runble']
[11, 10, 70, 70, 0, -1, 'runble']

[12, 1, 50, 50, 0, -1, 'sleep']
[12, 2, 45, 45, 0, -1, 'sleep']
[12, 3, 40, 40, 0, -1, 'sleep']
[12, 4, 35, 35, 0, -1, 'sleep']
[12, 5, 30, 30, 0, -1, 'sleep']
[12, 6, 50, 50, 0, 1, 'run']
[12, 7, 55, 55, 0, 0, 'run']
[12, 8, 60, 60, 0, -1, 'runble']
[12, 9, 65, 65, 0, -1, 'runble']
[12, 10, 70, 70, 0, -1, 'runble']
[12, 1, 50, 50, 0, -1, 'runble']
[12, 2, 45, 45, 0, -1, 'runble']
[12, 3, 40, 40, 0, -1, 'runble']
[12, 4, 35, 35, 0, -1, 'runble']
[12, 5, 30, 30, 0, -1, 'runble']
[12, 6, 50, 50, 0, 1, 'run']
[12, 7, 55, 55, 0, 0, 'run']
[12, 8, 60, 60, 0, -1, 'runble']
[12, 9, 65, 65, 0, -1, 'runble']
[12, 10, 70, 70, 0, -1, 'runble']

[13, 1, 50, 50, 0, -1, 'sleep']
[13, 2, 45, 45, 0, -1, 'sleep']
[13, 3, 40, 40, 0, -1, 'sleep']
[13, 4, 35, 35, 0, -1, 'sleep']
[13, 5, 30, 30, 0, -1, 'sleep']
[13, 6, 50, 50, 0, 1, 'run']
[13, 7, 55, 55, 0, 0, 'run']
[13, 8, 60, 60, 0, -1, 'runble']
[13, 9, 65, 65, 0, -1, 'runble']
[13, 10, 70, 70, 0, -1, 'runble']
[13, 1, 50, 50, 0, -1, 'runble']
[13, 2, 45, 45, 0, -1, 'runble']
[13, 3, 40, 40, 0, -1, 'runble']
[13, 4, 35, 35, 0, -1, 'runble']
[13, 5, 30, 30, 0, -1, 'runble']
[13, 6, 50, 50, 0, 1, 'run']
[13, 7, 55, 55, 0, 0, 'run']
[13, 8, 60, 60, 0, -1, 'runble']
[13, 9, 65, 65, 0, -1, 'runble']
[13, 10, 70, 70, 0, -1, 'runble']

[14, 1, 50, 50, 0, -1, 'sleep']
[14, 2, 45, 45, 0, -1, 'sleep']
[14, 3, 40, 40, 0, -1, 'sleep']
[14, 4, 35, 35, 0, -1, 'sleep']
[14, 5, 30, 30, 0, -1, 'sleep']
[14, 6, 50, 50, 0, 1, 'run']
[14, 7, 55, 55, 0, 0, 'run']
[14, 8, 60, 60, 0, -1, 'runble']
[14, 9, 65, 65, 0, -1, 'runble']
[14, 10, 70, 70, 0, -1, 'runble']
[14, 1, 50, 50, 0, -1, 'runble']
[14, 2, 45, 45, 0, -1, 'runble']
[14, 3, 40, 40, 0, -1, 'runble']
[14, 4, 35, 35, 0, -1, 'runble']
[14, 5, 30, 30, 0, -1, 'runble']
[14, 6, 50, 50, 0, 1, 'run']
[14, 7, 55, 55, 0, 0, 'run']
[14, 8, 60, 60, 0, -1, 'runble']
[14, 9, 65, 65, 0, -1, 'runble']
[14, 10, 70, 70, 0, -1, 'runble']

[15, 1, 50, 50, 0, -1, 'sleep']
[15, 2, 45, 45, 0, -1, 'sleep']
[15, 3, 40, 40, 0, -1, 'sleep']
[15, 4, 35, 35, 0, -1, 'sleep']
[15, 5, 30, 30, 0, -1, 'sleep']
[15, 6, 50, 50, 0, 1, 'run']
[15, 7, 55, 55, 0, 0, 'run']
[15, 8, 60, 60, 0, -1, 'runble']
[15, 9, 65, 65, 0, -1, 'runble']
[15, 10, 70, 70, 0, -1, 'runble']
[15, 1, 50, 50, 0, -1, 'runble']
[15, 2, 45, 45, 0, -1, 'runble']
[15, 3, 40, 40, 0, -1, 'runble']
[15, 4, 35, 35, 0, -1, 'runble']
[15, 5, 30, 30, 0, -1, 'runble']
[15, 6, 50, 50, 0, 1, 'run']
[15, 7, 55, 55, 0, 0, 'run']
[15, 8, 60, 60, 0, -1, 'runble']
[15, 9, 65, 65, 0, -1, 'runble']
[15, 10, 70, 70, 0, -1, 'runble']

[16, 1, 50, 50, 0, -1, 'sleep']
[16, 2, 45, 45, 0, -1, 'sleep']
[16, 3, 40, 40, 0, -1, 'sleep']
[16, 4, 35, 35, 0, -1, 'sleep']
[16, 5, 30, 30, 0, -1, 'sleep']
[16, 6, 50, 50, 0, 1, 'run']
[16, 7, 55, 55, 0, 0, 'run']
[16, 8, 60, 60, 0, -1, 'runble']
[16, 9, 65, 65, 0, -1, 'runble']
[16, 10, 70, 70, 0, -1, 'runble']
[16, 1, 50, 50, 0, -1, 'runble']
[16, 2, 45, 45, 0, -1, 'runble']
[16, 3, 40, 40, 0, -1, 'runble']
[16, 4, 35, 35, 0, -1, 'runble']
[16, 5, 30, 30, 0, -1, 'runble']
[16, 6, 50, 50, 0, 1, 'run']
[16, 7, 55, 55, 0, 0, 'run']
[16, 8, 60, 60, 0, -1, 'runble']
[16, 9, 65, 65, 0, -1, 'runble']
[16, 10, 70, 70, 0, -1, 'runble']

[17, 1, 50, 50, 0, -1, 'sleep']
[17, 2, 45, 45, 0, -1, 'sleep']
[17, 3, 40, 40, 0, -1, 'sleep']
[17, 4, 35, 35, 0, -1, 'sleep']
[17, 5, 30, 30, 0, -1, 'sleep']
[17, 6, 50, 50, 0, 1, 'run']
[17, 7, 55, 55, 0, 0, 'run']
[17, 8, 60, 60, 0, -1, 'runble']
[17, 9, 65, 65, 0, -1, 'runble']
[17, 10, 70, 70, 0, -1, 'runble']
[17, 1, 50, 50, 0, -1, 'runble']
[17, 2, 45, 45, 0, -1, 'runble']
[17, 3, 40, 40, 0, -1, 'runble']
[17, 4, 35, 35, 0, -1, 'runble']
[17, 5, 30, 30, 0, -1, 'runble']
[17, 6, 50, 50, 0, 1, 'run']
[17, 7, 55, 55, 0, 0, 'run']
[17, 8, 60, 60, 0, -1, 'runble']
[17, 9, 65, 65, 0, -1, 'runble']
[17, 10, 70, 70, 0, -1, 'runble']

[18, 1, 50, 50, 0, -1, 'sleep']
[18, 2, 45, 45, 0, -1, 'sleep']
[18, 3, 40, 40, 0, -1, 'sleep']
[18, 4, 35, 35, 0, -1, 'sleep']
[18, 5, 30, 30, 0, -1, 'sleep']
[18, 6, 50, 50, 0, 1, 'run']
[18, 7, 55, 55, 0, 0, 'run']
[18, 8, 60, 60, 0, -1, 'runble']
[18, 9, 65, 65, 0, -1, 'runble']
[18, 10, 70, 70, 0, -1, 'runble']
[18, 1, 50, 50, 0, -1, 'runble']
[18, 2, 45, 45, 0, -1, 'runble']
[18, 3, 40, 40, 0, -1, 'runble']
[18, 4, 35, 35, 0, -1, 'runble']
[18, 5, 30, 30, 0, -1, 'runble']
[18, 6, 50, 50, 0, 1, 'run']
[18, 7, 55, 55, 0, 0, 'run']
[18, 8, 60, 60, 0, -1, 'runble']
[18, 9, 65, 65, 0, -1, 'runble']
[18, 10, 70, 70, 0, -1, 'runble']

[19, 1, 50, 50, 0, -1, 'sleep']
[19, 2, 45, 45, 0, -1, 'sleep']
[19, 3, 40, 40, 0, -1, 'sleep']
[19, 4, 35, 35, 0, -1, 'sleep']
[19, 5, 30, 30, 0, -1, 'sleep']
[19, 6, 50, 50, 0, 1, 'run']
[19, 7, 55, 55, 0, 0, 'run']
[19, 8, 60, 60, 0, -1, 'runble']
[19, 9, 65, 65, 0, -1, 'runble']
[19, 10, 70, 70, 0, -1, 'runble']
[19, 1, 50, 50, 0, -1, 'runble']
[19, 2, 45, 45, 0, -1, 'runble']
[19, 3, 40, 40, 0, -1, 'runble']
[19, 4, 35, 35, 0, -1, 'runble']
[19, 5, 30, 30, 0, -1, 'runble']
[19, 6, 50, 50, 0, 1, 'run']
[19, 7, 55, 55, 0, 0, 'run']
[19, 8, 60, 60, 0, -1, 'runble']
[19, 9, 65, 65, 0, -1, 'runble']
[19, 10, 70, 70, 0, -1, 'runble']

[20, 1, 50, 50, 0, -1, 'sleep']
[20, 2, 45, 45, 0, -1, 'sleep']
[20, 3, 40, 40, 0, -1, 'sleep']
[20, 4, 35, 35, 0, -1, 'sleep']
[20, 5, 30, 30, 0, -1, 'sleep']
[20, 6, 50, 50, 0, 1, 'run']
[20, 7, 55, 55, 0, 0, 'run']
[20, 8, 60, 60, 0, -1, 'runble']
[20, 9, 65, 65, 0, -1, 'runble']
[20, 10, 70, 70, 0, -1, 'runble']
[20, 1, 50, 50, 0, -1, 'runble']
[20, 2, 45, 45, 0, -1, 'runble']
[20, 3, 40, 40, 0, -1, 'runble']
[20, 4, 35, 35, 0, -1, 'runble']
[20, 5, 30, 30, 0, -1, 'runble']
[20, 6, 50, 50, 0, 1, 'run']
[20, 7, 55, 55, 0, 0, 'run']
[20, 8, 60, 60, 0, -1, 'runble']
[20, 9, 65, 65, 0, -1, 'runble']
[20, 10, 70, 70, 0, -1, 'runble']

[21, 1, 50, 50, 0, -1, 'sleep']
[21, 2, 45, 45, 0, -1, 'sleep']
[21, 3, 40, 40, 0, -1, 'sleep']
[21, 4, 35, 35, 0, -1, 'sleep']
[21, 5, 30, 30, 0, -1, 'sleep']
[21, 6, 50, 50, 0, 1, 'run']
[21, 7, 55, 55, 0, 0, 'run']
[21, 8, 60, 60, 0, -1, 'runble']
[21, 9, 65, 65, 0, -1, 'runble']
[21, 10, 70, 70, 0, -1, 'runble']
[21, 1, 50, 50, 0, -1, 'runble']
[21, 2, 45, 45, 0, -1, 'runble']
[21, 3, 40, 40, 0, -1, 'runble']
[21, 4, 35, 35, 0, -1, 'runble']
[21, 5, 30, 30, 0, -1, 'runble']
[21, 6, 50, 50, 0, 1, 'run']
[21, 7, 55, 55, 0, 0, 'run']
[21, 8, 60, 60, 0, -1, 'runble']
[21, 9, 65, 65, 0, -1, 'runble']
[21, 10, 70, 70, 0, -1, 'runble']

[22, 1, 50, 50, 0, -1, 'sleep']
[22, 2, 45, 45, 0, -1, 'sleep']
[22, 3, 40, 40, 0, -1, 'sleep']
[22, 4, 35, 35, 0, -1, 'sleep']
[22, 5, 30, 30, 0, -1, 'sleep']
[22, 6, 50, 50, 0, 1, 'run']
[22, 7, 55, 55, 0, 0, 'run']
[22, 8, 60, 60, 0, -1, 'runble']
[22, 9, 65, 65, 0, -1, 'runble']
[22, 10, 70, 70, 0, -1, 'runble']
[22, 1, 50, 50, 0, -1, 'runble']
[22, 2, 45, 45, 0, -1, 'runble']
[22, 3, 40, 40, 0, -1, 'runble']
[22, 4, 35, 35, 0, -1, 'runble']
[22, 5, 30, 30, 0, -1, 'runble']
[22, 6, 50, 50, 0, 1, 'run']
[22, 7, 55, 55, 0, 0, 'run']
[22, 8, 60, 60, 0, -1, 'runble']
[22, 9, 65, 65, 0, -1, 'runble']
[22, 10, 70, 70, 0, -1, 'runble']

[23, 1, 50, 50, 0, -1, 'sleep']
[23, 2, 45, 45, 0, -1, 'sleep']
[23, 3, 40, 40, 0, -1, 'sleep']
[23, 4, 35, 35, 0, -1, 'sleep']
[23, 5, 30, 30, 0, -1, 'sleep']
[23, 6, 50, 50, 0, 1, 'run']
[23, 7, 55, 55, 0, 0, 'run']
[23, 8, 60, 60, 0, -1, 'runble']
[23, 9, 65, 65, 0, -1, 'runble']
[23, 10, 70, 70, 0, -1, 'runble']
[23, 1, 50, 50, 0, -1, 'runble']
[23, 2, 45, 45, 0, -1, 'runble']
[23, 3, 40, 40, 0, -1, 'runble']
[23, 4, 35, 35, 0, -1, 'runble']
[23, 5, 30, 30, 0, -1, 'runble']
[23, 6, 50, 50, 0, 1, 'run']
[23, 7, 55, 55, 0, 0, 'run']
[23, 8, 60, 60, 0, -1, 'runble']
[23, 9, 65, 65, 0, -1, 'runble']
[23, 10, 70, 70, 0, -1, 'runble']
[23, 1, 50, 50, 0, -1, 'sleep']

[24, 2, 45, 45, 0, -1, 'sleep']
[24, 3, 40, 40, 0, -1, 'sleep']
[24, 4, 35, 35, 0, -1, 'sleep']
[24, 5, 30, 30, 0, -1, 'sleep']
[24, 6, 50, 50, 0, 1, 'run']
[24, 7, 55, 55, 0, 0, 'run']
[24, 8, 60, 60, 0, -1, 'runble']
[24, 9, 65, 65, 0, -1, 'runble']
[24, 10, 70, 70, 0, -1, 'runble']
[24, 1, 50, 50, 0, -1, 'runble']
[24, 2, 45, 45, 0, -1, 'runble']
[24, 3, 40, 40, 0, -1, 'runble']
[24, 4, 35, 35, 0, -1, 'runble']
[24, 5, 30, 30, 0, -1, 'runble']
[24, 6, 50, 50, 0, 1, 'run']
[24, 7, 55, 55, 0, 0, 'run']
[24, 8, 60, 60, 0, -1, 'runble']
[24, 9, 65, 65, 0, -1, 'runble']
[24, 10, 70, 70, 0, -1, 'runble']

[25, 1, 50, 50, 0, -1, 'sleep']
[25, 2, 45, 45, 0, -1, 'sleep']
[25, 3, 40, 40, 0, -1, 'sleep']
[25, 4, 35, 35, 0, -1, 'sleep']
[25, 5, 30, 30, 0, -1, 'sleep']
[25, 6, 50, 50, 0, 1, 'run']
[25, 7, 55, 55, 0, 0, 'run']
[25, 8, 60, 60, 0, -1, 'runble']
[25, 9, 65, 65, 0, -1, 'runble']
[25, 10, 70, 70, 0, -1, 'runble']
[25, 1, 50, 50, 0, -1, 'runble']
[25, 2, 45, 45, 0, -1, 'runble']
[25, 3, 40, 40, 0, -1, 'runble']
[25, 4, 35, 35, 0, -1, 'runble']
[25, 5, 30, 30, 0, -1, 'runble']
[25, 6, 50, 50, 0, 1, 'run']
[25, 7, 55, 55, 0, 0, 'run']
[25, 8, 60, 60, 0, -1, 'runble']
[25, 9, 65, 65, 0, -1, 'runble']
[25, 10, 70, 70, 0, -1, 'runble']
[25, 1, 50, 50, 0, -1, 'sleep']

[26, 2, 45, 45, 0, -1, 'sleep']
[26, 3, 40, 40, 0, -1, 'sleep']
[26, 4, 35, 35, 0, -1, 'sleep']
[26, 5, 30, 30, 0, -1, 'sleep']
[26, 6, 50, 50, 0, 1, 'run']
[26, 7, 55, 55, 0, 0, 'run']
[26, 8, 60, 60, 0, -1, 'runble']
[26, 9, 65, 65, 0, -1, 'runble']
[26, 10, 70, 70, 0, -1, 'runble']
[26, 1, 50, 50, 0, -1, 'runble']
[26, 2, 45, 45, 0, -1, 'runble']
[26, 3, 40, 40, 0, -1, 'runble']
[26, 4, 35, 35, 0, -1, 'runble']
[26, 5, 30, 30, 0, -1, 'runble']
[26, 6, 50, 50, 0, 1, 'run']
[26, 7, 55, 55, 0, 0, 'run']
[26, 8, 60, 60, 0, -1, 'runble']
[26, 9, 65, 65, 0, -1, 'runble']
[26, 10, 70, 70, 0, -1, 'runble']

[27, 1, 50, 50, 0, -1, 'sleep']
[27, 2, 45, 45, 0, -1, 'sleep']
[27, 3, 40, 40, 0, -1, 'sleep']
[27, 4, 35, 35, 0, -1, 'sleep']
[27, 5, 30, 30, 0, -1, 'sleep']
[27, 6, 50, 50, 0, 1, 'run']
[27, 7, 55, 55, 0, 0, 'run']
[27, 8, 60, 60, 0, -1, 'runble']
[27, 9, 65, 65, 0, -1, 'runble']
[27, 10, 70, 70, 0, -1, 'runble']
[27, 1, 50, 50, 0, -1, 'runble']
[27, 2, 45, 45, 0, -1, 'runble']
[27, 3, 40, 40, 0, -1, 'runble']
[27, 4, 35, 35, 0, -1, 'runble']
[27, 5, 30, 30, 0, -1, 'runble']
[27, 6, 50, 50, 0, 1, 'run']
[27, 7, 55, 55, 0, 0, 'run']
[27, 8, 60, 60, 0, -1, 'runble']
[27, 9, 65, 65, 0, -1, 'runble']
[27, 10, 70, 70, 0, -1, 'runble']

[28, 1, 50, 50, 0, -1, 'sleep']
[28, 2, 45, 45, 0, -1, 'sleep']
[28, 3, 40, 40, 0, -1, 'sleep']
[28, 4, 35, 35, 0, -1, 'sleep']
[28, 5, 30, 30, 0, -1, 'sleep']
[28, 6, 50, 50, 0, 1, 'run']
[28, 7, 55, 55, 0, 0, 'run']
[28, 8, 60, 60, 0, -1, 'runble']
[28, 9, 65, 65, 0, -1, 'runble']
[28, 10, 70, 70, 0, -1, 'runble']
[28, 1, 50, 50, 0, -1, 'runble']
[28, 2, 45, 45, 0, -1, 'runble']
[28, 3, 40, 40, 0, -1, 'runble']
[28, 4, 35, 35, 0, -1, 'runble']
[28, 5, 30, 30, 0, -1, 'runble']
[28, 6, 50, 50, 0, 1, 'run']
[28, 7, 55, 55, 0, 0, 'run']
[28, 8, 60, 60, 0, -1, 'runble']
[28, 9, 65, 65, 0, -1, 'runble']
[28, 10, 70, 70, 0, -1, 'runble']

[29, 1, 50, 50, 0, -1, 'sleep']
[29, 2, 45, 45, 0, -1, 'sleep']
[29, 3, 40, 40, 0, -1, 'sleep']
[29, 4, 35, 35, 0, -1, 'sleep']
[29, 5, 30, 30, 0, -1, 'sleep']
[29, 6, 50, 50, 0, 1, 'run']
[29, 7, 55, 55, 0, 0, 'run']
[29, 8, 60, 60, 0, -1, 'runble']
[29, 9, 65, 65, 0, -1, 'runble']
[29, 10, 70, 70, 0, -1, 'runble']
[29, 1, 50, 50, 0, -1, 'runble']
[29, 2, 45, 45, 0, -1, 'runble']
[29, 3, 40, 40, 0, -1, 'runble']
[29, 4, 35, 35, 0, -1, 'runble']
[29, 5, 30, 30, 0, -1, 'runble']
[29, 6, 50, 50, 0, 1, 'run']
[29, 7, 55, 55, 0, 0, 'run']
[29, 8, 60, 60, 0, -1, 'runble']
[29, 9, 65, 65, 0, -1, 'runble']
[29, 10, 70, 70, 0, -1, 'runble']

[30, 1, 50, 50, 0, -1, 'sleep']
[30, 2, 45, 45, 0, -1, 'sleep']
[30, 3, 40, 40, 0, -1, 'sleep']
[30, 4, 35, 35, 0, -1, 'sleep']
[30, 5, 30, 30, 0, -1, 'sleep']
[30, 8, 60, 60, 0, 1, 'run']
[30, 9, 65, 65, 0, 0, 'run']
[30, 10, 70, 70, 0, -1, 'runble']
[30, 1, 50, 50, 0, -1, 'runble']
[30, 2, 45, 45, 0, -1, 'runble']
[30, 3, 40, 40, 0, -1, 'runble']
[30, 4, 35, 35, 0, -1, 'runble']
[30, 5, 30, 30, 0, -1, 'runble']
[30, 8, 60, 60, 0, 1, 'run']
[30, 9, 65, 65, 0, 0, 'run']
[30, 10, 70, 70, 0, -1, 'runble']

[31, 1, 50, 50, 0, -1, 'sleep']
[31, 2, 45, 45, 0, -1, 'sleep']
[31, 3, 40, 40, 0, -1, 'sleep']
[31, 4, 35, 35, 0, -1, 'sleep']
[31, 5, 30, 30, 0, -1, 'sleep']
[31, 8, 60, 60, 0, 1, 'run']
[31, 9, 65, 65, 0, 0, 'run']
[31, 10, 70, 70, 0, -1, 'runble']
[31, 1, 50, 50, 0, -1, 'runble']
[31, 2, 45, 45, 0, -1, 'runble']
[31, 3, 40, 40, 0, -1, 'runble']
[31, 4, 35, 35, 0, -1, 'runble']
[31, 5, 30, 30, 0, -1, 'runble']
[31, 8, 60, 60, 0, 1, 'run']
[31, 9, 65, 65, 0, 0, 'run']
[31, 10, 70, 70, 0, -1, 'runble']

[32, 1, 50, 50, 0, -1, 'sleep']
[32, 2, 45, 45, 0, -1, 'sleep']
[32, 3, 40, 40, 0, -1, 'sleep']
[32, 4, 35, 35, 0, -1, 'sleep']
[32, 5, 30, 30, 0, -1, 'sleep']
[32, 8, 60, 60, 0, 1, 'run']
[32, 9, 65, 65, 0, 0, 'run']
[32, 10, 70, 70, 0, -1, 'runble']
[32, 1, 50, 50, 0, -1, 'runble']
[32, 2, 45, 45, 0, -1, 'runble']
[32, 3, 40, 40, 0, -1, 'runble']
[32, 4, 35, 35, 0, -1, 'runble']
[32, 5, 30, 30, 0, -1, 'runble']
[32, 8, 60, 60, 0, 1, 'run']
[32, 9, 65, 65, 0, 0, 'run']
[32, 10, 70, 70, 0, -1, 'runble']

[33, 1, 50, 50, 0, -1, 'sleep']
[33, 2, 45, 45, 0, -1, 'sleep']
[33, 3, 40, 40, 0, -1, 'sleep']
[33, 4, 35, 35, 0, -1, 'sleep']
[33, 5, 30, 30, 0, -1, 'sleep']
[33, 8, 60, 60, 0, 1, 'run']
[33, 9, 65, 65, 0, 0, 'run']
[33, 10, 70, 70, 0, -1, 'runble']
[33, 1, 50, 50, 0, -1, 'runble']
[33, 2, 45, 45, 0, -1, 'runble']
[33, 3, 40, 40, 0, -1, 'runble']
[33, 4, 35, 35, 0, -1, 'runble']
[33, 5, 30, 30, 0, -1, 'runble']
[33, 8, 60, 60, 0, 1, 'run']
[33, 9, 65, 65, 0, 0, 'run']
[33, 10, 70, 70, 0, -1, 'runble']

[34, 1, 50, 50, 0, -1, 'sleep']
[34, 2, 45, 45, 0, -1, 'sleep']
[34, 3, 40, 40, 0, -1, 'sleep']
[34, 4, 35, 35, 0, -1, 'sleep']
[34, 5, 30, 30, 0, -1, 'sleep']
[34, 8, 60, 60, 0, 1, 'run']
[34, 9, 65, 65, 0, 0, 'run']
[34, 10, 70, 70, 0, -1, 'runble']
[34, 1, 50, 50, 0, -1, 'runble']
[34, 2, 45, 45, 0, -1, 'runble']
[34, 3, 40, 40, 0, -1, 'runble']
[34, 4, 35, 35, 0, -1, 'runble']
[34, 5, 30, 30, 0, -1, 'runble']
[34, 8, 60, 60, 0, 1, 'run']
[34, 9, 65, 65, 0, 0, 'run']
[34, 10, 70, 70, 0, -1, 'runble']

[35, 1, 50, 50, 0, -1, 'sleep']
[35, 2, 45, 45, 0, -1, 'sleep']
[35, 3, 40, 40, 0, -1, 'sleep']
[35, 4, 35, 35, 0, -1, 'sleep']
[35, 5, 30, 30, 0, -1, 'sleep']
[35, 8, 60, 60, 0, 1, 'run']
[35, 9, 65, 65, 0, 0, 'run']
[35, 10, 70, 70, 0, -1, 'runble']
[35, 1, 50, 50, 0, -1, 'runble']
[35, 2, 45, 45, 0, -1, 'runble']
[35, 3, 40, 40, 0, -1, 'runble']
[35, 4, 35, 35, 0, -1, 'runble']
[35, 5, 30, 30, 0, -1, 'runble']
[35, 8, 60, 60, 0, 1, 'run']
[35, 9, 65, 65, 0, 0, 'run']
[35, 10, 70, 70, 0, -1, 'runble']

[36, 1, 50, 50, 0, -1, 'sleep']
[36, 2, 45, 45, 0, -1, 'sleep']
[36, 3, 40, 40, 0, -1, 'sleep']
[36, 4, 35, 35, 0, -1, 'sleep']
[36, 5, 30, 30, 0, -1, 'sleep']
[36, 8, 60, 60, 0, 1, 'run']
[36, 9, 65, 65, 0, 0, 'run']
[36, 10, 70, 70, 0, -1, 'runble']
[36, 1, 50, 50, 0, -1, 'runble']
[36, 2, 45, 45, 0, -1, 'runble']
[36, 3, 40, 40, 0, -1, 'runble']
[36, 4, 35, 35, 0, -1, 'runble']
[36, 5, 30, 30, 0, -1, 'runble']
[36, 8, 60, 60, 0, 1, 'run']
[36, 9, 65, 65, 0, 0, 'run']
[36, 10, 70, 70, 0, -1, 'runble']

[37, 1, 50, 50, 0, -1, 'sleep']
[37, 2, 45, 45, 0, -1, 'sleep']
[37, 3, 40, 40, 0, -1, 'sleep']
[37, 4, 35, 35, 0, -1, 'sleep']
[37, 5, 30, 30, 0, -1, 'sleep']
[37, 8, 60, 60, 0, 1, 'run']
[37, 9, 65, 65, 0, 0, 'run']
[37, 10, 70, 70, 0, -1, 'runble']
[37, 1, 50, 50, 0, -1, 'runble']
[37, 2, 45, 45, 0, -1, 'runble']
[37, 3, 40, 40, 0, -1, 'runble']
[37, 4, 35, 35, 0, -1, 'runble']
[37, 5, 30, 30, 0, -1, 'runble']
[37, 8, 60, 60, 0, 1, 'run']
[37, 9, 65, 65, 0, 0, 'run']
[37, 10, 70, 70, 0, -1, 'runble']

[38, 1, 50, 50, 0, -1, 'sleep']
[38, 2, 45, 45, 0, -1, 'sleep']
[38, 3, 40, 40, 0, -1, 'sleep']
[38, 4, 35, 35, 0, -1, 'sleep']
[38, 5, 30, 30, 0, -1, 'sleep']
[38, 8, 60, 60, 0, 1, 'run']
[38, 9, 65, 65, 0, 0, 'run']
[38, 10, 70, 70, 0, -1, 'runble']
[38, 1, 50, 50, 0, -1, 'runble']
[38, 2, 45, 45, 0, -1, 'runble']
[38, 3, 40, 40, 0, -1, 'runble']
[38, 4, 35, 35, 0, -1, 'runble']
[38, 5, 30, 30, 0, -1, 'runble']
[38, 8, 60, 60, 0, 1, 'run']
[38, 9, 65, 65, 0, 0, 'run']
[38, 10, 70, 70, 0, -1, 'runble']

[39, 1, 50, 50, 0, -1, 'sleep']
[39, 2, 45, 45, 0, -1, 'sleep']
[39, 3, 40, 40, 0, -1, 'sleep']
[39, 4, 35, 35, 0, -1, 'sleep']
[39, 5, 30, 30, 0, -1, 'sleep']
[39, 8, 60, 60, 0, 1, 'run']
[39, 9, 65, 65, 0, 0, 'run']
[39, 10, 70, 70, 0, -1, 'runble']
[39, 1, 50, 50, 0, -1, 'runble']
[39, 2, 45, 45, 0, -1, 'runble']
[39, 3, 40, 40, 0, -1, 'runble']
[39, 4, 35, 35, 0, -1, 'runble']
[39, 5, 30, 30, 0, -1, 'runble']
[39, 8, 60, 60, 0, 1, 'run']
[39, 9, 65, 65, 0, 0, 'run']
[39, 10, 70, 70, 0, -1, 'runble']

[40, 1, 50, 50, 0, -1, 'sleep']
[40, 2, 45, 45, 0, -1, 'sleep']
[40, 3, 40, 40, 0, -1, 'sleep']
[40, 4, 35, 35, 0, -1, 'sleep']
[40, 5, 30, 30, 0, -1, 'sleep']
[40, 8, 60, 60, 0, 1, 'run']
[40, 9, 65, 65, 0, 0, 'run']
[40, 10, 70, 70, 0, -1, 'runble']
[40, 1, 50, 50, 0, -1, 'runble']
[40, 2, 45, 45, 0, -1, 'runble']
[40, 3, 40, 40, 0, -1, 'runble']
[40, 4, 35, 35, 0, -1, 'runble']
[40, 5, 30, 30, 0, -1, 'runble']
[40, 8, 60, 60, 0, 1, 'run']
[40, 9, 65, 65, 0, 0, 'run']
[40, 10, 70, 70, 0, -1, 'runble']

[41, 1, 50, 50, 0, -1, 'sleep']
[41, 2, 45, 45, 0, -1, 'sleep']
[41, 3, 40, 40, 0, -1, 'sleep']
[41, 4, 35, 35, 0, -1, 'sleep']
[41, 5, 30, 30, 0, -1, 'sleep']
[41, 8, 60, 60, 0, 1, 'run']
[41, 9, 65, 65, 0, 0, 'run']
[41, 10, 70, 70, 0, -1, 'runble']
[41, 1, 50, 50, 0, -1, 'runble']
[41, 2, 45, 45, 0, -1, 'runble']
[41, 3, 40, 40, 0, -1, 'runble']
[41, 4, 35, 35, 0, -1, 'runble']
[41, 5, 30, 30, 0, -1, 'runble']
[41, 8, 60, 60, 0, 1, 'run']
[41, 9, 65, 65, 0, 0, 'run']
[41, 10, 70, 70, 0, -1, 'runble']

[42, 1, 50, 50, 0, -1, 'sleep']
[42, 2, 45, 45, 0, -1, 'sleep']
[42, 3, 40, 40, 0, -1, 'sleep']
[42, 4, 35, 35, 0, -1, 'sleep']
[42, 5, 30, 30, 0, -1, 'sleep']
[42, 8, 60, 60, 0, 1, 'run']
[42, 9, 65, 65, 0, 0, 'run']
[42, 10, 70, 70, 0, -1, 'runble']
[42, 1, 50, 50, 0, -1, 'runble']
[42, 2, 45, 45, 0, -1, 'runble']
[42, 3, 40, 40, 0, -1, 'runble']
[42, 4, 35, 35, 0, -1, 'runble']
[42, 5, 30, 30, 0, -1, 'runble']
[42, 8, 60, 60, 0, 1, 'run']
[42, 9, 65, 65, 0, 0, 'run']
[42, 10, 70, 70, 0, -1, 'runble']

[43, 1, 50, 50, 0, -1, 'sleep']
[43, 2, 45, 45, 0, -1, 'sleep']
[43, 3, 40, 40, 0, -1, 'sleep']
[43, 4, 35, 35, 0, -1, 'sleep']
[43, 5, 30, 30, 0, -1, 'sleep']
[43, 8, 60, 60, 0, 1, 'run']
[43, 9, 65, 65, 0, 0, 'run']
[43, 10, 70, 70, 0, -1, 'runble']
[43, 1, 50, 50, 0, -1, 'runble']
[43, 2, 45, 45, 0, -1, 'runble']
[43, 3, 40, 40, 0, -1, 'runble']
[43, 4, 35, 35, 0, -1, 'runble']
[43, 5, 30, 30, 0, -1, 'runble']
[43, 8, 60, 60, 0, 1, 'run']
[43, 9, 65, 65, 0, 0, 'run']
[43, 10, 70, 70, 0, -1, 'runble']

[44, 1, 50, 50, 0, -1, 'sleep']
[44, 2, 45, 45, 0, -1, 'sleep']
[44, 3, 40, 40, 0, -1, 'sleep']
[44, 4, 35, 35, 0, -1, 'sleep']
[44, 5, 30, 30, 0, -1, 'sleep']
[44, 8, 60, 60, 0, 1, 'run']
[44, 9, 65, 65, 0, 0, 'run']
[44, 10, 70, 70, 0, -1, 'runble']
[44, 1, 50, 50, 0, -1, 'runble']
[44, 2, 45, 45, 0, -1, 'runble']
[44, 3, 40, 40, 0, -1, 'runble']
[44, 4, 35, 35, 0, -1, 'runble']
[44, 5, 30, 30, 0, -1, 'runble']
[44, 8, 60, 60, 0, 1, 'run']
[44, 9, 65, 65, 0, 0, 'run']
[44, 10, 70, 70, 0, -1, 'runble']

[45, 1, 50, 50, 0, -1, 'sleep']
[45, 2, 45, 45, 0, -1, 'sleep']
[45, 3, 40, 40, 0, -1, 'sleep']
[45, 4, 35, 35, 0, -1, 'sleep']
[45, 5, 30, 30, 0, -1, 'sleep']
[45, 8, 60, 60, 0, 1, 'run']
[45, 9, 65, 65, 0, 0, 'run']
[45, 10, 70, 70, 0, -1, 'runble']
[45, 1, 50, 50, 0, -1, 'runble']
[45, 2, 45, 45, 0, -1, 'runble']
[45, 3, 40, 40, 0, -1, 'runble']
[45, 4, 35, 35, 0, -1, 'runble']
[45, 5, 30, 30, 0, -1, 'runble']
[45, 8, 60, 60, 0, 1, 'run']
[45, 9, 65, 65, 0, 0, 'run']
[45, 10, 70, 70, 0, -1, 'runble']
[45, 1, 50, 50, 0, -1, 'sleep']
[45, 2, 45, 45, 0, -1, 'sleep']

[46, 3, 40, 40, 0, -1, 'sleep']
[46, 4, 35, 35, 0, -1, 'sleep']
[46, 5, 30, 30, 0, -1, 'sleep']
[46, 8, 60, 60, 0, 1, 'run']
[46, 9, 65, 65, 0, 0, 'run']
[46, 10, 70, 70, 0, -1, 'runble']
[46, 1, 50, 50, 0, -1, 'runble']
[46, 2, 45, 45, 0, -1, 'runble']
[46, 3, 40, 40, 0, -1, 'runble']
[46, 4, 35, 35, 0, -1, 'runble']
[46, 5, 30, 30, 0, -1, 'runble']
[46, 8, 60, 60, 0, 1, 'run']
[46, 9, 65, 65, 0, 0, 'run']
[46, 10, 70, 70, 0, -1, 'runble']

[47, 1, 50, 50, 0, -1, 'sleep']
[47, 2, 45, 45, 0, -1, 'sleep']
[47, 3, 40, 40, 0, -1, 'sleep']
[47, 4, 35, 35, 0, -1, 'sleep']
[47, 5, 30, 30, 0, -1, 'sleep']
[47, 8, 60, 60, 0, 1, 'run']
[47, 9, 65, 65, 0, 0, 'run']
[47, 10, 70, 70, 0, -1, 'runble']
[47, 1, 50, 50, 0, -1, 'runble']
[47, 2, 45, 45, 0, -1, 'runble']
[47, 3, 40, 40, 0, -1, 'runble']
[47, 4, 35, 35, 0, -1, 'runble']
[47, 5, 30, 30, 0, -1, 'runble']
[47, 8, 60, 60, 0, 1, 'run']
[47, 9, 65, 65, 0, 0, 'run']
[47, 10, 70, 70, 0, -1, 'runble']

[48, 1, 50, 50, 0, -1, 'sleep']
[48, 2, 45, 45, 0, -1, 'sleep']
[48, 3, 40, 40, 0, -1, 'sleep']
[48, 4, 35, 35, 0, -1, 'sleep']
[48, 5, 30, 30, 0, -1, 'sleep']
[48, 8, 60, 60, 0, 1, 'run']
[48, 9, 65, 65, 0, 0, 'run']
[48, 10, 70, 70, 0, -1, 'runble']
[48, 1, 50, 50, 0, -1, 'runble']
[48, 2, 45, 45, 0, -1, 'runble']
[48, 3, 40, 40, 0, -1, 'runble']
[48, 4, 35, 35, 0, -1, 'runble']
[48, 5, 30, 30, 0, -1, 'runble']
[48, 8, 60, 60, 0, 1, 'run']
[48, 9, 65, 65, 0, 0, 'run']
[48, 10, 70, 70, 0, -1, 'runble']

[49, 1, 50, 50, 0, -1, 'sleep']
[49, 2, 45, 45, 0, -1, 'sleep']
[49, 3, 40, 40, 0, -1, 'sleep']
[49, 4, 35, 35, 0, -1, 'sleep']
[49, 5, 30, 30, 0, -1, 'sleep']
[49, 8, 60, 60, 0, 1, 'run']
[49, 9, 65, 65, 0, 0, 'run']
[49, 10, 70, 70, 0, -1, 'runble']
[49, 1, 50, 50, 0, -1, 'runble']
[49, 2, 45, 45, 0, -1, 'runble']
[49, 3, 40, 40, 0, -1, 'runble']
[49, 4, 35, 35, 0, -1, 'runble']
[49, 5, 30, 30, 0, -1, 'runble']
[49, 8, 60, 60, 0, 1, 'run']
[49, 9, 65, 65, 0, 0, 'run']
[49, 10, 70, 70, 0, -1, 'runble']

[50, 1, 50, 50, 0, -1, 'sleep']
[50, 2, 45, 45, 0, -1, 'sleep']
[50, 3, 40, 40, 0, -1, 'sleep']
[50, 4, 35, 35, 0, -1, 'sleep']
[50, 5, 30, 30, 0, -1, 'sleep']
[50, 8, 60, 60, 0, 1, 'run']
[50, 9, 65, 65, 0, 0, 'run']
[50, 10, 70, 70, 0, -1, 'runble']
[50, 1, 50, 50, 0, -1, 'runble']
[50, 2, 45, 45, 0, -1, 'runble']
[50, 3, 40, 40, 0, -1, 'runble']
[50, 4, 35, 35, 0, -1, 'runble']
[50, 5, 30, 30, 0, -1, 'runble']
[50, 8, 60, 60, 0, 1, 'run']
[50, 9, 65, 65, 0, 0, 'run']
[50, 10, 70, 70, 0, -1, 'runble']

[51, 1, 50, 50, 0, -1, 'sleep']
[51, 2, 45, 45, 0, -1, 'sleep']
[51, 3, 40, 40, 0, -1, 'sleep']
[51, 4, 35, 35, 0, -1, 'sleep']
[51, 5, 30, 30, 0, -1, 'sleep']
[51, 8, 60, 60, 0, 1, 'run']
[51, 9, 65, 65, 0, 0, 'run']
[51, 10, 70, 70, 0, -1, 'runble']
[51, 1, 50, 50, 0, -1, 'runble']
[51, 2, 45, 45, 0, -1, 'runble']
[51, 3, 40, 40, 0, -1, 'runble']
[51, 4, 35, 35, 0, -1, 'runble']
[51, 5, 30, 30, 0, -1, 'runble']
[51, 8, 60, 60, 0, 1, 'run']
[51, 9, 65, 65, 0, 0, 'run']
[51, 10, 70, 70, 0, -1, 'runble']

[52, 1, 50, 50, 0, -1, 'sleep']
[52, 2, 45, 45, 0, -1, 'sleep']
[52, 3, 40, 40, 0, -1, 'sleep']
[52, 4, 35, 35, 0, -1, 'sleep']
[52, 5, 30, 30, 0, -1, 'sleep']
[52, 8, 60, 60, 0, 1, 'run']
[52, 9, 65, 65, 0, 0, 'run']
[52, 10, 70, 70, 0, -1, 'runble']
[52, 1, 50, 50, 0, -1, 'runble']
[52, 2, 45, 45, 0, -1, 'runble']
[52, 3, 40, 40, 0, -1, 'runble']
[52, 4, 35, 35, 0, -1, 'runble']
[52, 5, 30, 30, 0, -1, 'runble']
[52, 8, 60, 60, 0, 1, 'run']
[52, 9, 65, 65, 0, 0, 'run']
[52, 10, 70, 70, 0, -1, 'runble']

[53, 1, 50, 50, 0, -1, 'sleep']
[53, 2, 45, 45, 0, -1, 'sleep']
[53, 3, 40, 40, 0, -1, 'sleep']
[53, 4, 35, 35, 0, -1, 'sleep']
[53, 5, 30, 30, 0, -1, 'sleep']
[53, 8, 60, 60, 0, 1, 'run']
[53, 9, 65, 65, 0, 0, 'run']
[53, 10, 70, 70, 0, -1, 'runble']
[53, 1, 50, 50, 0, -1, 'runble']
[53, 2, 45, 45, 0, -1, 'runble']
[53, 3, 40, 40, 0, -1, 'runble']
[53, 4, 35, 35, 0, -1, 'runble']
[53, 5, 30, 30, 0, -1, 'runble']
[53, 8, 60, 60, 0, 1, 'run']
[53, 9, 65, 65, 0, 0, 'run']
[53, 10, 70, 70, 0, -1, 'runble']

[54, 1, 50, 50, 0, -1, 'sleep']
[54, 2, 45, 45, 0, -1, 'sleep']
[54, 3, 40, 40, 0, -1, 'sleep']
[54, 4, 35, 35, 0, -1, 'sleep']
[54, 5, 30, 30, 0, -1, 'sleep']
[54, 8, 60, 60, 0, 1, 'run']
[54, 9, 65, 65, 0, 0, 'run']
[54, 10, 70, 70, 0, -1, 'runble']
[54, 1, 50, 50, 0, -1, 'runble']
[54, 2, 45, 45, 0, -1, 'runble']
[54, 3, 40, 40, 0, -1, 'runble']
[54, 4, 35, 35, 0, -1, 'runble']
[54, 5, 30, 30, 0, -1, 'runble']
[54, 8, 60, 60, 0, 1, 'run']
[54, 9, 65, 65, 0, 0, 'run']
[54, 10, 70, 70, 0, -1, 'runble']

[55, 1, 50, 50, 0, -1, 'sleep']
[55, 2, 45, 45, 0, -1, 'sleep']
[55, 3, 40, 40, 0, -1, 'sleep']
[55, 4, 35, 35, 0, -1, 'sleep']
[55, 5, 30, 30, 0, -1, 'sleep']
[55, 9, 65, 65, 0, 0, 'run']
[55, 10, 70, 70, 0, 1, 'run']
[55, 1, 50, 50, 0, -1, 'runble']
[55, 2, 45, 45, 0, -1, 'runble']
[55, 3, 40, 40, 0, -1, 'runble']
[55, 4, 35, 35, 0, -1, 'runble']
[55, 5, 30, 30, 0, -1, 'runble']
[55, 9, 65, 65, 0, 0, 'run']
[55, 10, 70, 70, 0, 1, 'run']

[56, 1, 50, 50, 0, -1, 'runble']
[56, 2, 45, 45, 0, -1, 'runble']
[56, 3, 40, 40, 0, -1, 'runble']
[56, 4, 35, 35, 0, -1, 'runble']
[56, 5, 30, 30, 0, -1, 'runble']
[56, 10, 70, 70, 0, 1, 'run']

[57, 1, 50, 50, 0, -1, 'sleep']
[57, 2, 45, 45, 0, -1, 'sleep']
[57, 3, 40, 40, 0, -1, 'sleep']
[57, 4, 35, 35, 0, -1, 'sleep']
[57, 5, 30, 30, 0, -1, 'sleep']
[57, 10, 70, 70, 0, 1, 'run']

[58, 1, 50, 50, 0, -1, 'sleep']
[58, 2, 45, 45, 0, -1, 'sleep']
[58, 3, 40, 40, 0, -1, 'sleep']
[58, 4, 35, 35, 0, -1, 'sleep']
[58, 5, 30, 30, 0, -1, 'sleep']
[58, 10, 70, 70, 0, 1, 'run']

[59, 1, 50, 50, 0, -1, 'sleep']
[59, 2, 45, 45, 0, -1, 'sleep']
[59, 3, 40, 40, 0, -1, 'sleep']
[59, 4, 35, 35, 0, -1, 'sleep']
[59, 5, 30, 30, 0, -1, 'sleep']
[59, 10, 70, 70, 0, 1, 'run']

[60, 1, 50, 50, 0, -1, 'sleep']
[60, 2, 45, 45, 0, -1, 'sleep']
[60, 3, 40, 40, 0, -1, 'sleep']
[60, 4, 35, 35, 0, -1, 'sleep']
[60, 5, 30, 30, 0, -1, 'sleep']
[60, 10, 70, 70, 0, 1, 'run']

[61, 1, 50, 50, 0, -1, 'sleep']
[61, 2, 45, 45, 0, -1, 'sleep']
[61, 3, 40, 40, 0, -1, 'sleep']
[61, 4, 35, 35, 0, -1, 'sleep']
[61, 5, 30, 30, 0, -1, 'sleep']
[61, 10, 70, 70, 0, 1, 'run']

[62, 1, 50, 50, 0, -1, 'sleep']
[62, 2, 45, 45, 0, -1, 'sleep']
[62, 3, 40, 40, 0, -1, 'sleep']
[62, 4, 35, 35, 0, -1, 'sleep']
[62, 5, 30, 30, 0, -1, 'sleep']
[62, 10, 70, 70, 0, 1, 'run']

[63, 1, 50, 50, 0, -1, 'sleep']
[63, 2, 45, 45, 0, -1, 'sleep']
[63, 3, 40, 40, 0, -1, 'sleep']
[63, 4, 35, 35, 0, -1, 'sleep']
[63, 5, 30, 30, 0, -1, 'sleep']
[63, 10, 70, 70, 0, 1, 'run']

[64, 1, 50, 50, 0, -1, 'sleep']
[64, 2, 45, 45, 0, -1, 'sleep']
[64, 3, 40, 40, 0, -1, 'sleep']
[64, 4, 35, 35, 0, -1, 'sleep']
[64, 5, 30, 30, 0, -1, 'sleep']
[64, 10, 70, 70, 0, 1, 'run']

[65, 1, 50, 50, 0, -1, 'sleep']
[65, 2, 45, 45, 0, -1, 'sleep']
[65, 3, 40, 40, 0, -1, 'sleep']
[65, 4, 35, 35, 0, -1, 'sleep']
[65, 5, 30, 30, 0, -1, 'sleep']
[65, 10, 70, 70, 0, 1, 'run']

[66, 1, 50, 50, 0, -1, 'sleep']
[66, 2, 45, 45, 0, -1, 'sleep']
[66, 3, 40, 40, 0, -1, 'sleep']
[66, 4, 35, 35, 0, -1, 'sleep']
[66, 5, 30, 30, 0, -1, 'sleep']
[66, 10, 70, 70, 0, 1, 'run']

[67, 1, 50, 50, 0, -1, 'runble']
[67, 2, 45, 45, 0, -1, 'runble']
[67, 3, 40, 40, 0, -1, 'runble']
[67, 4, 35, 35, 0, -1, 'runble']
[67, 5, 30, 30, 0, -1, 'runble']
[67, 10, 70, 70, 0, 1, 'run']

[68, 1, 50, 50, 0, -1, 'sleep']
[68, 2, 45, 45, 0, -1, 'sleep']
[68, 3, 40, 40, 0, -1, 'sleep']
[68, 4, 35, 35, 0, -1, 'sleep']
[68, 5, 30, 30, 0, -1, 'sleep']
[68, 10, 70, 70, 0, 1, 'run']

[69, 1, 50, 50, 0, -1, 'sleep']
[69, 2, 45, 45, 0, -1, 'sleep']
[69, 3, 40, 40, 0, -1, 'sleep']
[69, 4, 35, 35, 0, -1, 'sleep']
[69, 5, 30, 30, 0, -1, 'sleep']
[69, 10, 70, 70, 0, 1, 'run']

[70, 1, 50, 50, 0, -1, 'sleep']
[70, 2, 45, 45, 0, -1, 'sleep']
[70, 3, 40, 40, 0, -1, 'sleep']
[70, 4, 35, 35, 0, -1, 'sleep']
[70, 5, 30, 30, 0, -1, 'sleep']
[70, 10, 70, 70, 0, 1, 'run']

[71, 1, 50, 50, 0, -1, 'sleep']
[71, 2, 45, 45, 0, -1, 'sleep']
[71, 3, 40, 40, 0, -1, 'sleep']
[71, 4, 35, 35, 0, -1, 'sleep']
[71, 5, 30, 30, 0, -1, 'sleep']
[71, 10, 70, 70, 0, 1, 'run']

[72, 1, 50, 50, 0, -1, 'sleep']
[72, 2, 45, 45, 0, -1, 'sleep']
[72, 3, 40, 40, 0, -1, 'sleep']
[72, 4, 35, 35, 0, -1, 'sleep']
[72, 5, 30, 30, 0, -1, 'sleep']
[72, 10, 70, 70, 0, 1, 'run']

[73, 1, 50, 50, 0, -1, 'sleep']
[73, 2, 45, 45, 0, -1, 'sleep']
[73, 3, 40, 40, 0, -1, 'sleep']
[73, 4, 35, 35, 0, -1, 'sleep']
[73, 5, 30, 30, 0, -1, 'sleep']
[73, 10, 70, 70, 0, 1, 'run']

[74, 1, 50, 50, 0, -1, 'sleep']
[74, 2, 45, 45, 0, -1, 'sleep']
[74, 3, 40, 40, 0, -1, 'sleep']
[74, 4, 35, 35, 0, -1, 'sleep']
[74, 5, 30, 30, 0, -1, 'sleep']
[74, 10, 70, 70, 0, 1, 'run']

[75, 1, 50, 50, 0, -1, 'sleep']
[75, 2, 45, 45, 0, -1, 'sleep']
[75, 3, 40, 40, 0, -1, 'sleep']
[75, 4, 35, 35, 0, -1, 'sleep']
[75, 5, 30, 30, 0, -1, 'sleep']
[75, 10, 70, 70, 0, 1, 'run']

[76, 1, 50, 50, 0, -1, 'sleep']
[76, 2, 45, 45, 0, -1, 'sleep']
[76, 3, 40, 40, 0, -1, 'sleep']
[76, 4, 35, 35, 0, -1, 'sleep']
[76, 5, 30, 30, 0, -1, 'sleep']
[76, 10, 70, 70, 0, 1, 'run']

[77, 1, 50, 50, 0, -1, 'sleep']
[77, 2, 45, 45, 0, -1, 'sleep']
[77, 3, 40, 40, 0, -1, 'sleep']
[77, 4, 35, 35, 0, -1, 'sleep']
[77, 5, 30, 30, 0, -1, 'sleep']
[77, 10, 70, 70, 0, 1, 'run']

[78, 1, 50, 50, 0, -1, 'sleep']
[78, 2, 45, 45, 0, -1, 'sleep']
[78, 3, 40, 40, 0, -1, 'sleep']
[78, 4, 35, 35, 0, -1, 'sleep']
[78, 5, 30, 30, 0, -1, 'sleep']
[78, 10, 70, 70, 0, 1, 'run']

[79, 1, 50, 50, 0, -1, 'sleep']
[79, 2, 45, 45, 0, -1, 'sleep']
[79, 3, 40, 40, 0, -1, 'sleep']
[79, 4, 35, 35, 0, -1, 'sleep']
[79, 5, 30, 30, 0, -1, 'sleep']
[79, 10, 70, 70, 0, 1, 'run']

[80, 1, 50, 50, 0, -1, 'sleep']
[80, 2, 45, 45, 0, -1, 'sleep']
[80, 3, 40, 40, 0, -1, 'sleep']
[80, 4, 35, 35, 0, -1, 'sleep']
[80, 5, 30, 30, 0, -1, 'sleep']
[80, 10, 70, 70, 0, 1, 'run']
